!k=p1-p2
T_R	N 
0.00025	0.0121258
0.00075	0.020844
0.00125	0.0221641
0.00175	0.0228225
0.00225	0.0225873
0.00275	0.0228667
0.00325	0.0229391
0.00375	0.0235229
0.00425	0.0223298
0.00475	0.0229647
0.00525	0.0232414
0.00575	0.022941
0.00625	0.0233825
0.00675	0.0230445
0.00725	0.022809
0.00775	0.0229427
0.00825	0.0229651
0.00875	0.022705
0.00925	0.0230144
0.00975	0.0234423
0.01025	0.023262
0.01075	0.0233335
0.01125	0.0234162
0.01175	0.02355
0.01225	0.0236303
0.01275	0.0240067
0.01325	0.0236659
0.01375	0.0236509
0.01425	0.023777
0.01475	0.0240767
0.01525	0.0239796
0.01575	0.0240121
0.01625	0.0236864
0.01675	0.0242146
0.01725	0.0243988
0.01775	0.0240253
0.01825	0.0244161
0.01875	0.0243805
0.01925	0.0242818
0.01975	0.0246404
0.02025	0.0244307
0.02075	0.0241155
0.02125	0.0244715
0.02175	0.0245635
0.02225	0.0253523
0.02275	0.0243801
0.02325	0.0253486
0.02375	0.0252673
0.02425	0.0254932
0.02475	0.0249044
0.02525	0.025562
0.02575	0.025182
0.02625	0.0253835
0.02675	0.0259695
0.02725	0.0256263
0.02775	0.0262888
0.02825	0.0257403
0.02875	0.0262526
0.02925	0.0264507
0.02975	0.0269888
0.03025	0.0265994
0.03075	0.0266106
0.03125	0.0267541
0.03175	0.0269383
0.03225	0.0269155
0.03275	0.02679
0.03325	0.0271801
0.03375	0.0271767
0.03425	0.0273412
0.03475	0.0272948
0.03525	0.027391
0.03575	0.0277812
0.03625	0.0281007
0.03675	0.0280015
0.03725	0.0283154
0.03775	0.0280685
0.03825	0.0281592
0.03875	0.0288874
0.03925	0.0284016
0.03975	0.0286577
0.04025	0.0289291
0.04075	0.0288774
0.04125	0.0285178
0.04175	0.0289806
0.04225	0.0289318
0.04275	0.0294667
0.04325	0.0291502
0.04375	0.0297074
0.04425	0.0298049
0.04475	0.030034
0.04525	0.0302572
0.04575	0.0301586
0.04625	0.0303926
0.04675	0.0306751
0.04725	0.0308716
0.04775	0.0309275
0.04825	0.0304867
0.04875	0.0307945
0.04925	0.0305802
0.04975	0.0310496
0.05025	0.0315973
0.05075	0.03156
0.05125	0.0314681
0.05175	0.0319817
0.05225	0.0312752
0.05275	0.0317978
0.05325	0.0323532
0.05375	0.0322453
0.05425	0.0324373
0.05475	0.032381
0.05525	0.0326963
0.05575	0.0332905
0.05625	0.0328285
0.05675	0.0330652
0.05725	0.0335655
0.05775	0.0328233
0.05825	0.033475
0.05875	0.034039
0.05925	0.0338091
0.05975	0.0334791
0.06025	0.0331297
0.06075	0.03392
0.06125	0.0339948
0.06175	0.0345531
0.06225	0.0348465
0.06275	0.0350952
0.06325	0.0353564
0.06375	0.0346191
0.06425	0.035027
0.06475	0.0346693
0.06525	0.0351897
0.06575	0.035775
0.06625	0.0350486
0.06675	0.0356456
0.06725	0.0352544
0.06775	0.035702
0.06825	0.0364391
0.06875	0.0361441
0.06925	0.0372741
0.06975	0.0366945
0.07025	0.0364685
0.07075	0.0364788
0.07125	0.0369512
0.07175	0.036518
0.07225	0.0374082
0.07275	0.037245
0.07325	0.0377104
0.07375	0.037255
0.07425	0.0377747
0.07475	0.0380582
0.07525	0.0378278
0.07575	0.038384
0.07625	0.0381256
0.07675	0.0386874
0.07725	0.038604
0.07775	0.038974
0.07825	0.0389318
0.07875	0.0390515
0.07925	0.0392849
0.07975	0.0392381
0.08025	0.0389633
0.08075	0.0394019
0.08125	0.0392923
0.08175	0.0400266
0.08225	0.0395938
0.08275	0.0403624
0.08325	0.0404705
0.08375	0.040279
0.08425	0.0401955
0.08475	0.0405156
0.08525	0.0407218
0.08575	0.0407601
0.08625	0.0414333
0.08675	0.0416457
0.08725	0.0413233
0.08775	0.0409089
0.08825	0.0419653
0.08875	0.0419099
0.08925	0.041692
0.08975	0.0416561
0.09025	0.0425872
0.09075	0.0425332
0.09125	0.0424994
0.09175	0.0426581
0.09225	0.0420339
0.09275	0.0424415
0.09325	0.042675
0.09375	0.0430101
0.09425	0.0441293
0.09475	0.044149
0.09525	0.0440301
0.09575	0.0444654
0.09625	0.0440264
0.09675	0.0438216
0.09725	0.0444093
0.09775	0.0441806
0.09825	0.044942
0.09875	0.0447937
0.09925	0.0444606
0.09975	0.0449451
0.10025	0.0451039
0.10075	0.0452314
0.10125	0.0458521
0.10175	0.0459004
0.10225	0.0454051
0.10275	0.0455299
0.10325	0.0460173
0.10375	0.0456709
0.10425	0.046631
0.10475	0.0467552
0.10525	0.0461556
0.10575	0.0470963
0.10625	0.0465074
0.10675	0.0469786
0.10725	0.0477923
0.10775	0.0474272
0.10825	0.0465961
0.10875	0.0479141
0.10925	0.0474787
0.10975	0.0474757
0.11025	0.047916
0.11075	0.0484586
0.11125	0.0474273
0.11175	0.0486071
0.11225	0.0489037
0.11275	0.0486014
0.11325	0.0498143
0.11375	0.0489631
0.11425	0.0486924
0.11475	0.0491887
0.11525	0.0495563
0.11575	0.0494623
0.11625	0.0493055
0.11675	0.0501423
0.11725	0.0504217
0.11775	0.0507834
0.11825	0.050901
0.11875	0.0503932
0.11925	0.0501904
0.11975	0.0510955
0.12025	0.0505338
0.12075	0.0511586
0.12125	0.0511386
0.12175	0.0514155
0.12225	0.0511381
0.12275	0.0512906
0.12325	0.0515024
0.12375	0.0524333
0.12425	0.0526366
0.12475	0.0514626
0.12525	0.0522105
0.12575	0.0522656
0.12625	0.0528283
0.12675	0.0523235
0.12725	0.0535843
0.12775	0.0522219
0.12825	0.0520133
0.12875	0.0528287
0.12925	0.0537353
0.12975	0.0541506
0.13025	0.0541064
0.13075	0.0535969
0.13125	0.0549
0.13175	0.0540165
0.13225	0.0542749
0.13275	0.0543612
0.13325	0.0546494
0.13375	0.0547904
0.13425	0.0548162
0.13475	0.0551072
0.13525	0.0545355
0.13575	0.0553703
0.13625	0.0555788
0.13675	0.0553069
0.13725	0.0562239
0.13775	0.0560943
0.13825	0.0555693
0.13875	0.0559057
0.13925	0.0558577
0.13975	0.0557866
0.14025	0.0561316
0.14075	0.0570205
0.14125	0.057203
0.14175	0.0566731
0.14225	0.0572052
0.14275	0.0577137
0.14325	0.0576742
0.14375	0.0579233
0.14425	0.0567993
0.14475	0.05819
0.14525	0.0574093
0.14575	0.0581615
0.14625	0.0591
0.14675	0.0579022
0.14725	0.0587768
0.14775	0.0584024
0.14825	0.0593865
0.14875	0.0584244
0.14925	0.0600287
0.14975	0.0583616
0.15025	0.0592981
0.15075	0.0597261
0.15125	0.0593417
0.15175	0.059695
0.15225	0.0603377
0.15275	0.0599823
0.15325	0.0591237
0.15375	0.0600966
0.15425	0.0603752
0.15475	0.0607963
0.15525	0.0606067
0.15575	0.0614065
0.15625	0.0599854
0.15675	0.0605906
0.15725	0.0610414
0.15775	0.0615809
0.15825	0.0615077
0.15875	0.0617469
0.15925	0.0621812
0.15975	0.0618192
0.16025	0.062924
0.16075	0.062215
0.16125	0.0626246
0.16175	0.0631884
0.16225	0.0617703
0.16275	0.0636368
0.16325	0.0630219
0.16375	0.063335
0.16425	0.0634849
0.16475	0.062248
0.16525	0.0625768
0.16575	0.0637805
0.16625	0.0638015
0.16675	0.0639167
0.16725	0.064356
0.16775	0.0646235
0.16825	0.0642971
0.16875	0.0635985
0.16925	0.0650632
0.16975	0.0652747
0.17025	0.0650224
0.17075	0.0648918
0.17125	0.0650587
0.17175	0.0653308
0.17225	0.065423
0.17275	0.0652489
0.17325	0.0645684
0.17375	0.065814
0.17425	0.0660297
0.17475	0.0657171
0.17525	0.0673643
0.17575	0.0671964
0.17625	0.065972
0.17675	0.0664299
0.17725	0.0673314
0.17775	0.0679967
0.17825	0.0676126
0.17875	0.0673335
0.17925	0.0673731
0.17975	0.066705
0.18025	0.0674444
0.18075	0.0671395
0.18125	0.0687952
0.18175	0.0683936
0.18225	0.0687512
0.18275	0.0687325
0.18325	0.0684032
0.18375	0.0677171
0.18425	0.0696366
0.18475	0.0680594
0.18525	0.0698542
0.18575	0.0696611
0.18625	0.0681964
0.18675	0.0691598
0.18725	0.0704184
0.18775	0.0692753
0.18825	0.0692536
0.18875	0.0696093
0.18925	0.0689579
0.18975	0.0709134
0.19025	0.0706601
0.19075	0.0704457
0.19125	0.070271
0.19175	0.0694617
0.19225	0.0710832
0.19275	0.0707999
0.19325	0.0709659
0.19375	0.0710548
0.19425	0.0716584
0.19475	0.0709438
0.19525	0.0714405
0.19575	0.0726191
0.19625	0.0705288
0.19675	0.0712812
0.19725	0.072736
0.19775	0.0731747
0.19825	0.0723516
0.19875	0.0729473
0.19925	0.0734213
