!k=p1-p2
T_R	N 
0.00025	0.0205986
0.00075	0.0274057
0.00125	0.0258098
0.00175	0.0209721
0.00225	0.029993
0.00275	0.0208872
0.00325	0.0200629
0.00375	0.0286322
0.00425	0.0207592
0.00475	0.0172851
0.00525	0.0231848
0.00575	0.0116526
0.00625	0.0218963
0.00675	0.0342368
0.00725	0.0177103
0.00775	0.0165449
0.00825	0.0211733
0.00875	0.0266907
0.00925	0.0346698
0.00975	0.0247138
0.01025	0.0287384
0.01075	0.0217255
0.01125	0.0253121
0.01175	0.0267392
0.01225	0.0194182
0.01275	0.0213083
0.01325	0.0353246
0.01375	0.0289748
0.01425	0.0243146
0.01475	0.0271228
0.01525	0.0274003
0.01575	0.0284814
0.01625	0.0277285
0.01675	0.0275696
0.01725	0.0237151
0.01775	0.0204703
0.01825	0.0322359
0.01875	0.0282551
0.01925	0.030189
0.01975	0.0239778
0.02025	0.0304392
0.02075	0.0286861
0.02125	0.0293621
0.02175	0.0279856
0.02225	0.0271251
0.02275	0.0323657
0.02325	0.0287303
0.02375	0.0289827
0.02425	0.0352354
0.02475	0.0302122
0.02525	0.0345983
0.02575	0.0309154
0.02625	0.0320882
0.02675	0.0325137
0.02725	0.0257923
0.02775	0.0334102
0.02825	0.0356724
0.02875	0.0240351
0.02925	0.0318738
0.02975	0.0385583
0.03025	0.0357671
0.03075	0.0364702
0.03125	0.0379872
0.03175	0.0309722
0.03225	0.0289799
0.03275	0.0324781
0.03325	0.0318819
0.03375	0.0394795
0.03425	0.0358809
0.03475	0.0366125
0.03525	0.0383447
0.03575	0.0323509
0.03625	0.0378574
0.03675	0.0353764
0.03725	0.0339149
0.03775	0.0390587
0.03825	0.0339439
0.03875	0.038279
0.03925	0.0355313
0.03975	0.0378818
0.04025	0.0383127
0.04075	0.0373815
0.04125	0.0373033
0.04175	0.0372708
0.04225	0.0446135
0.04275	0.045272
0.04325	0.0404533
0.04375	0.0393906
0.04425	0.0381269
0.04475	0.0380584
0.04525	0.0463309
0.04575	0.0418894
0.04625	0.0470809
0.04675	0.039232
0.04725	0.0432667
0.04775	0.0482739
0.04825	0.0427255
0.04875	0.0411668
0.04925	0.0472963
0.04975	0.041992
0.05025	0.0420326
0.05075	0.0461192
0.05125	0.0485299
0.05175	0.0454267
0.05225	0.0430925
0.05275	0.0488374
0.05325	0.0406799
0.05375	0.0475269
0.05425	0.0477096
0.05475	0.0480097
0.05525	0.0553216
0.05575	0.0437968
0.05625	0.0483964
0.05675	0.0501113
0.05725	0.053516
0.05775	0.0475545
0.05825	0.0339586
0.05875	0.0547649
0.05925	0.052785
0.05975	0.0544336
0.06025	0.0468076
0.06075	0.0473282
0.06125	0.050104
0.06175	0.0527673
0.06225	0.0554058
0.06275	0.0504279
0.06325	0.0508295
0.06375	0.0543799
0.06425	0.0503473
0.06475	0.0579756
0.06525	0.0551441
0.06575	0.0515069
0.06625	0.0603576
0.06675	0.0581204
0.06725	0
0.06775	0.0606134
0.06825	0.055228
0.06875	0.0409587
0.06925	0.0580695
0.06975	0.0559089
0.07025	0.0422497
0.07075	0.0561939
0.07125	0.0569552
0.07175	0.0580619
0.07225	0.0626536
0.07275	0.0564625
0.07325	0.0601227
0.07375	0.0574687
0.07425	0.0604465
0.07475	0.0548058
0.07525	0.0571382
0.07575	0.0625125
0.07625	0.0574211
0.07675	0.0580895
0.07725	0.0646861
0.07775	0.0628267
0.07825	0.0593495
0.07875	0.0649128
0.07925	0.0613994
0.07975	0.0675256
0.08025	0.0629816
0.08075	0.0653313
0.08125	0.0573895
0.08175	0.0739734
0.08225	0.0613372
0.08275	0.0680708
0.08325	0.0602827
0.08375	0.0689525
0.08425	0.0665736
0.08475	0.0726584
0.08525	0.0776637
0.08575	0.0705407
0.08625	0.0808532
0.08675	0.0741466
0.08725	0.0669162
0.08775	0.0771948
0.08825	0.0604398
0.08875	0.0726178
0.08925	0.0712865
0.08975	0.0700354
0.09025	0.074034
0.09075	0.0698511
0.09125	0.0626138
0.09175	0.075645
0.09225	0.0681178
0.09275	0.0751368
0.09325	0.0750367
0.09375	0.0496531
0.09425	0.0774501
0.09475	0.0743825
0.09525	0.0665079
0.09575	0.0689212
0.09625	0.0605604
0.09675	0.0755865
0.09725	0.0642301
0.09775	0.0784426
0.09825	0.0786239
0.09875	0.0795181
0.09925	0.0800134
0.09975	0.0813863
0.10025	0.0888895
0.10075	0.0827612
0.10125	0.0819825
0.10175	0.0710278
0.10225	0.0839139
0.10275	0.0684354
0.10325	0.0757678
0.10375	0.083011
0.10425	0.0755002
0.10475	0.068014
0.10525	0.0859199
0.10575	0.0910477
0.10625	0.0873328
0.10675	0.0838296
0.10725	0.0784581
0.10775	0
0.10825	0.0797333
0.10875	0.0805688
0.10925	0.0879953
0.10975	0.0810261
0.11025	0.0920189
0.11075	0.0956208
0.11125	0.0871755
0.11175	0.0768691
0.11225	0.0884482
0.11275	0.0852358
0.11325	0.0921777
0.11375	0
0.11425	0.0914926
0.11475	0.0770948
0.11525	0.0943514
0.11575	0.091305
0.11625	0.0755888
0.11675	0.0954007
0.11725	0.0786445
0.11775	0.10438
0.11825	0.0812631
0.11875	0.0823316
0.11925	0.0954675
0.11975	0.094693
0.12025	0.0922386
0.12075	0
0.12125	0.0972998
0.12175	0.0944154
0.12225	0.102307
0.12275	0.090818
0.12325	0.106852
0.12375	0.0976414
0.12425	0.0709121
0.12475	0.10006
0.12525	0.103592
0.12575	0.104167
0.12625	0.0837089
0.12675	0.0973312
0.12725	0.0935446
0.12775	0.100631
0.12825	0.0906034
0.12875	0.0883022
0.12925	0.096651
0.12975	0.0967512
0.13025	0.0973965
0.13075	0.103783
0.13125	0.101305
0.13175	0.103487
0.13225	0.110972
0.13275	0.099938
0.13325	0.104022
0.13375	0.0939272
0.13425	0.0943341
0.13475	0.104397
0.13525	0.105505
0.13575	0.108537
0.13625	0.104898
0.13675	0.0974851
0.13725	0.0846288
0.13775	0.0927425
0.13825	0.106749
0.13875	0.0995022
0.13925	0.101449
0.13975	0.115721
0.14025	0.107474
0.14075	0.112293
0.14125	0.109697
0.14175	0.105213
0.14225	0.110516
0.14275	0.111788
0.14325	0.123458
0.14375	0.105173
0.14425	0.103952
0.14475	0.100866
0.14525	0.117071
0.14575	0.100292
0.14625	0.114509
0.14675	0.105656
0.14725	0.103768
0.14775	0.106534
0.14825	0.119752
0.14875	0.118291
0.14925	0.0922483
0.14975	0.105297
0.15025	0.105566
0.15075	0.128644
0.15125	0.103031
0.15175	0.102365
0.15225	0.106082
0.15275	0.101282
0.15325	0.117036
0.15375	0.119598
0.15425	0.12008
0.15475	0.119985
0.15525	0.103753
0.15575	0.121747
0.15625	0.114902
0.15675	0.116114
0.15725	0.122517
0.15775	0.116018
0.15825	0.120915
0.15875	0.120908
0.15925	0.131226
0.15975	0.118932
0.16025	0.127975
0.16075	0.129725
0.16125	0.132529
0.16175	0.11485
0.16225	0.123483
0.16275	0.105602
0.16325	0.128113
0.16375	0.0994924
0.16425	0.130569
0.16475	0.127598
0.16525	0.133924
0.16575	0
0.16625	0.110536
0.16675	0
0.16725	0.0980746
0.16775	0.134272
0.16825	0.132566
0.16875	0.122031
0.16925	0.133076
0.16975	0.126296
0.17025	0.131003
0.17075	0.137826
0.17125	0.13637
0.17175	0.118265
0.17225	0.108911
0.17275	0.12312
0.17325	0.139127
0.17375	0.148348
0.17425	0.130032
0.17475	0.122948
0.17525	0.120258
0.17575	0.0930363
0.17625	0.140971
0.17675	0.116702
0.17725	0.135921
0.17775	0.136402
0.17825	0.128115
0.17875	0.142987
0.17925	0.0854215
0.17975	0.140535
0.18025	0.120872
0.18075	0.107534
0.18125	0.126573
0.18175	0.13611
0.18225	0.132681
0.18275	0.127739
0.18325	0.124364
0.18375	0.139265
0.18425	0.143127
0.18475	0.140998
0.18525	0.139196
0.18575	0.150618
0.18625	0.120093
0.18675	0.152656
0.18725	0.13028
0.18775	0.135607
0.18825	0.14234
0.18875	0.144742
0.18925	0.133039
0.18975	0.146697
0.19025	0.126409
0.19075	0.155309
0.19125	0.146873
0.19175	0.139636
0.19225	0.116985
0.19275	0.147505
0.19325	0.157533
0.19375	0.152834
0.19425	0.16005
0.19475	0.144874
0.19525	0.150085
0.19575	0.149513
0.19625	0.129962
0.19675	0.136815
0.19725	0.140249
0.19775	0.163561
0.19825	0.127135
0.19875	0.141664
0.19925	0.163475
