!k=p1-p2
T_R	N 
0.00025	0.0180393
0.00075	0.020137
0.00125	0.0199593
0.00175	0.0240854
0.00225	0.0213156
0.00275	0.0285886
0.00325	0.0259436
0.00375	0.0197718
0.00425	0.017694
0.00475	0.021438
0.00525	0.0177262
0.00575	0.021338
0.00625	0.0190703
0.00675	0.0252038
0.00725	0.0170924
0.00775	0.02044
0.00825	0.0202275
0.00875	0.0171409
0.00925	0.0263799
0.00975	0.0201331
0.01025	0.0271471
0.01075	0.027271
0.01125	0.0239135
0.01175	0.0257948
0.01225	0.0307189
0.01275	0.0208977
0.01325	0.0242289
0.01375	0.0238972
0.01425	0.0266174
0.01475	0.0299612
0.01525	0.0299003
0.01575	0.0238905
0.01625	0.0304699
0.01675	0.0269218
0.01725	0.024783
0.01775	0.0286979
0.01825	0.0245994
0.01875	0.0214772
0.01925	0.02316
0.01975	0.0286671
0.02025	0.0289324
0.02075	0.0293899
0.02125	0.0302467
0.02175	0.0342753
0.02225	0.0294959
0.02275	0.0301226
0.02325	0.028901
0.02375	0.0336034
0.02425	0.0324648
0.02475	0.0271197
0.02525	0.0370268
0.02575	0.0359686
0.02625	0.0306726
0.02675	0.0344305
0.02725	0.0308642
0.02775	0.037158
0.02825	0.0331474
0.02875	0.037021
0.02925	0.0375375
0.02975	0.0367392
0.03025	0.0368771
0.03075	0.0330252
0.03125	0.0401153
0.03175	0.0397938
0.03225	0.0401843
0.03275	0.0371024
0.03325	0.0382472
0.03375	0.0401888
0.03425	0.0398365
0.03475	0.0408836
0.03525	0.0396784
0.03575	0.0429058
0.03625	0.0419927
0.03675	0.0434913
0.03725	0.0444719
0.03775	0.0415983
0.03825	0.0456165
0.03875	0.0429926
0.03925	0.0427444
0.03975	0.0452331
0.04025	0.0448558
0.04075	0.0450415
0.04125	0.0446067
0.04175	0.0494518
0.04225	0.0476052
0.04275	0.0479364
0.04325	0.0483723
0.04375	0.0485743
0.04425	0.0500288
0.04475	0.0525702
0.04525	0.0478327
0.04575	0.0492282
0.04625	0.0513189
0.04675	0.0518306
0.04725	0.0496473
0.04775	0.0504368
0.04825	0.0513629
0.04875	0.0527222
0.04925	0.0587151
0.04975	0.0533933
0.05025	0.0545813
0.05075	0.0545102
0.05125	0.0580206
0.05175	0.0564132
0.05225	0.0541366
0.05275	0.0573333
0.05325	0.0568725
0.05375	0.0585569
0.05425	0.0568293
0.05475	0.0581375
0.05525	0.0585543
0.05575	0.0579268
0.05625	0.0597768
0.05675	0.0611136
0.05725	0.0616338
0.05775	0.0632414
0.05825	0.0628452
0.05875	0.0620903
0.05925	0.0641361
0.05975	0.0632752
0.06025	0.0646745
0.06075	0.0644695
0.06125	0.0655793
0.06175	0.064317
0.06225	0.0667026
0.06275	0.067567
0.06325	0.0669884
0.06375	0.0663482
0.06425	0.070888
0.06475	0.0681137
0.06525	0.0670818
0.06575	0.0699449
0.06625	0.0679916
0.06675	0.0707641
0.06725	0.0706457
0.06775	0.0715403
0.06825	0.0698911
0.06875	0.0714026
0.06925	0.0752287
0.06975	0.0720797
0.07025	0.0741449
0.07075	0.074234
0.07125	0.0744906
0.07175	0.0770997
0.07225	0.0757635
0.07275	0.0767867
0.07325	0.0754007
0.07375	0.0764997
0.07425	0.0767075
0.07475	0.0767626
0.07525	0.0781494
0.07575	0.0783312
0.07625	0.0798698
0.07675	0.0798839
0.07725	0.0796545
0.07775	0.0805563
0.07825	0.0806565
0.07875	0.0805684
0.07925	0.082056
0.07975	0.0815272
0.08025	0.0842588
0.08075	0.0835035
0.08125	0.0854857
0.08175	0.083613
0.08225	0.0858226
0.08275	0.0866887
0.08325	0.086263
0.08375	0.0875
0.08425	0.0861271
0.08475	0.0877556
0.08525	0.0875672
0.08575	0.0887844
0.08625	0.0880433
0.08675	0.0886414
0.08725	0.0906183
0.08775	0.0890243
0.08825	0.0917353
0.08875	0.0906278
0.08925	0.092697
0.08975	0.0924374
0.09025	0.0921917
0.09075	0.0939848
0.09125	0.093892
0.09175	0.0950473
0.09225	0.0935349
0.09275	0.0949562
0.09325	0.0952034
0.09375	0.0974181
0.09425	0.0973885
0.09475	0.0968734
0.09525	0.0966238
0.09575	0.0970937
0.09625	0.0989426
0.09675	0.0989237
0.09725	0.0994005
0.09775	0.0992144
0.09825	0.100327
0.09875	0
0.09925	0.102164
0.09975	0.101937
0.10025	0.102211
0.10075	0.102664
0.10125	0.104192
0.10175	0.107739
0.10225	0.104324
0.10275	0.105163
0.10325	0.108008
0.10375	0.105126
0.10425	0.106418
0.10475	0.106639
0.10525	0.10705
0.10575	0.10979
0.10625	0.10914
0.10675	0.109285
0.10725	0.109648
0.10775	0.109422
0.10825	0.110179
0.10875	0.109646
0.10925	0.111532
0.10975	0.11348
0.11025	0.112078
0.11075	0.112644
0.11125	0.113609
0.11175	0.113668
0.11225	0.115069
0.11275	0.115015
0.11325	0.115375
0.11375	0.116803
0.11425	0.115872
0.11475	0.118032
0.11525	0.118039
0.11575	0.116662
0.11625	0.119197
0.11675	0.118277
0.11725	0.119391
0.11775	0.119478
0.11825	0.119843
0.11875	0.120273
0.11925	0.121169
0.11975	0.122096
0.12025	0.122794
0.12075	0.123042
0.12125	0.123288
0.12175	0.123526
0.12225	0.12402
0.12275	0.125861
0.12325	0.125138
0.12375	0.125776
0.12425	0.1264
0.12475	0.126647
0.12525	0.127674
0.12575	0.127052
0.12625	0.12865
0.12675	0.129839
0.12725	0.129047
0.12775	0.129294
0.12825	0.129934
0.12875	0.130712
0.12925	0.130619
0.12975	0.132077
0.13025	0.131153
0.13075	0.133077
0.13125	0.132942
0.13175	0.132864
0.13225	0.134227
0.13275	0.133938
0.13325	0.136816
0.13375	0.135401
0.13425	0.136097
0.13475	0.136734
0.13525	0.135425
0.13575	0.138456
0.13625	0.137432
0.13675	0.13833
0.13725	0.138942
0.13775	0.138752
0.13825	0.140184
0.13875	0.140144
0.13925	0.140736
0.13975	0.141012
0.14025	0.141373
0.14075	0.141942
0.14125	0.142782
0.14175	0.14284
0.14225	0.145056
0.14275	0.144635
0.14325	0.145062
0.14375	0.146095
0.14425	0.145404
0.14475	0.145624
0.14525	0.146284
0.14575	0.147351
0.14625	0.147411
0.14675	0.147636
0.14725	0.148636
0.14775	0.148838
0.14825	0.150448
0.14875	0.150174
0.14925	0.150841
0.14975	0.151729
0.15025	0.152033
0.15075	0.15303
0.15125	0.152535
0.15175	0.153404
0.15225	0.153269
0.15275	0.15473
0.15325	0.15462
0.15375	0.155836
0.15425	0.155631
0.15475	0.156442
0.15525	0.157258
0.15575	0.156591
0.15625	0.157884
0.15675	0.158056
0.15725	0.159536
0.15775	0.159037
0.15825	0.159442
0.15875	0.160059
0.15925	0.160621
0.15975	0.16097
0.16025	0.162508
0.16075	0.161856
0.16125	0.162453
0.16175	0.163643
0.16225	0.164045
0.16275	0.165552
0.16325	0.164938
0.16375	0.165156
0.16425	0.165775
0.16475	0.166744
0.16525	0.166124
0.16575	0.166857
0.16625	0.167414
0.16675	0.16845
0.16725	0.168823
0.16775	0.169806
0.16825	0.171009
0.16875	0.171274
0.16925	0.170251
0.16975	0.170953
0.17025	0.171957
0.17075	0.171963
0.17125	0.172822
0.17175	0.173053
0.17225	0.173382
0.17275	0.17427
0.17325	0.175296
0.17375	0.175311
0.17425	0.175908
0.17475	0.176756
0.17525	0.175723
0.17575	0.177135
0.17625	0.177693
0.17675	0.178429
0.17725	0.178119
0.17775	0.179573
0.17825	0.179
0.17875	0.180835
0.17925	0.180658
0.17975	0.181562
0.18025	0.181807
0.18075	0
0.18125	0.182813
0.18175	0.182287
0.18225	0.183496
0.18275	0.184148
0.18325	0.185722
0.18375	0.185341
0.18425	0.185714
0.18475	0.186537
0.18525	0.186413
0.18575	0.18695
0.18625	0.187678
0.18675	0.188746
0.18725	0.188625
0.18775	0.188951
0.18825	0.189384
0.18875	0.190178
0.18925	0.191566
0.18975	0.191046
0.19025	0.190786
0.19075	0.192465
0.19125	0.192231
0.19175	0.193633
0.19225	0.193424
0.19275	0.193778
0.19325	0.19443
0.19375	0.194774
0.19425	0.195836
0.19475	0.195007
0.19525	0.196473
0.19575	0.196424
0.19625	0.198134
0.19675	0.198712
0.19725	0.197693
0.19775	0.199449
0.19825	0.199964
0.19875	0.200286
0.19925	0.200503
