!k=(p1-p2)/2
T_R	N 
0.000125	0.0163348
0.000375	0.0162085
0.000625	0.0167298
0.000875	0.016599
0.001125	0.0165136
0.001375	0.01687
0.001625	0.017027
0.001875	0.0163844
0.002125	0.0167483
0.002375	0.0164389
0.002625	0.0164667
0.002875	0.0168032
0.003125	0.0171407
0.003375	0.0171665
0.003625	0.0168281
0.003875	0.0173518
0.004125	0.0173131
0.004375	0.0172707
0.004625	0.0177777
0.004875	0.0176447
0.005125	0.0171664
0.005375	0.0181399
0.005625	0.017699
0.005875	0.0176065
0.006125	0.0179413
0.006375	0.0179311
0.006625	0.0180711
0.006875	0.0183973
0.007125	0.018807
0.007375	0.0187203
0.007625	0.0194143
0.007875	0.0187041
0.008125	0.0189418
0.008375	0.0186323
0.008625	0.0191933
0.008875	0.0194297
0.009125	0.0194173
0.009375	0.0196374
0.009625	0.0198842
0.009875	0.019924
0.010125	0.0201734
0.010375	0.0198384
0.010625	0.0203393
0.010875	0.0204132
0.011125	0.0203403
0.011375	0.0209408
0.011625	0.0212482
0.011875	0.0205359
0.012125	0.0210611
0.012375	0.0211103
0.012625	0.0213709
0.012875	0.0216461
0.013125	0.0216792
0.013375	0.0217594
0.013625	0.0221509
0.013875	0.0222333
0.014125	0.0222009
0.014375	0.0230436
0.014625	0.0231021
0.014875	0.0228459
0.015125	0.023207
0.015375	0.0234454
0.015625	0.0234416
0.015875	0.0236454
0.016125	0.0234921
0.016375	0.0241162
0.016625	0.0242302
0.016875	0.0246892
0.017125	0.0243799
0.017375	0.0248843
0.017625	0.0251172
0.017875	0.0247695
0.018125	0.0250697
0.018375	0.025539
0.018625	0.0257401
0.018875	0.0259481
0.019125	0.0259237
0.019375	0.0260226
0.019625	0.0268257
0.019875	0.0267964
0.020125	0.027124
0.020375	0.0267918
0.020625	0.0272348
0.020875	0.0273374
0.021125	0.0277156
0.021375	0.0277229
0.021625	0.0278174
0.021875	0.0279652
0.022125	0.0282127
0.022375	0.028528
0.022625	0.0286092
0.022875	0.0289733
0.023125	0.0291263
0.023375	0.0291669
0.023625	0.029844
0.023875	0.0299749
0.024125	0.0298276
0.024375	0.0304947
0.024625	0.0302404
0.024875	0.0306356
0.025125	0.0307317
0.025375	0.0312945
0.025625	0.0313793
0.025875	0.0315068
0.026125	0.0316857
0.026375	0.0317722
0.026625	0.0320116
0.026875	0.0322117
0.027125	0.0325737
0.027375	0.0326591
0.027625	0.0333436
0.027875	0.0330831
0.028125	0.0335981
0.028375	0.0339952
0.028625	0.0339763
0.028875	0.0342473
0.029125	0.0343068
0.029375	0.0346079
0.029625	0.0346609
0.029875	0.0347381
0.030125	0.0350265
0.030375	0.0352566
0.030625	0.0354278
0.030875	0.0361023
0.031125	0.0359831
0.031375	0.036233
0.031625	0.0363339
0.031875	0.0367077
0.032125	0.0369504
0.032375	0.0370942
0.032625	0.0373825
0.032875	0.0374357
0.033125	0.0377823
0.033375	0.0380147
0.033625	0.0380843
0.033875	0.0384644
0.034125	0.0386344
0.034375	0.038844
0.034625	0.0391062
0.034875	0.0391242
0.035125	0.0394158
0.035375	0.0396774
0.035625	0.0400155
0.035875	0.0400885
0.036125	0.0403178
0.036375	0.0406588
0.036625	0.0410452
0.036875	0.0411344
0.037125	0.0413419
0.037375	0.0415721
0.037625	0.0414998
0.037875	0.0422329
0.038125	0.0422674
0.038375	0.0423512
0.038625	0.0426288
0.038875	0.0428702
0.039125	0.0431062
0.039375	0.0433539
0.039625	0.0435658
0.039875	0.0438702
0.040125	0.0442111
0.040375	0.0442864
0.040625	0.0444442
0.040875	0.0447703
0.041125	0.0452156
0.041375	0.0451151
0.041625	0.0455915
0.041875	0.0456416
0.042125	0.045807
0.042375	0.0462591
0.042625	0.0463462
0.042875	0.046664
0.043125	0.0467595
0.043375	0.0471592
0.043625	0.0473448
0.043875	0.0474414
0.044125	0.0477886
0.044375	0.0479685
0.044625	0.0480861
0.044875	0.0483957
0.045125	0.0487891
0.045375	0.0487172
0.045625	0.049239
0.045875	0.0494774
0.046125	0.0496509
0.046375	0.0498267
0.046625	0.0500474
0.046875	0.0503042
0.047125	0.0507214
0.047375	0.0507366
0.047625	0.0511317
0.047875	0.0511454
0.048125	0.0514341
0.048375	0.0516763
0.048625	0.0521113
0.048875	0.0521393
0.049125	0.0523301
0.049375	0.0526185
0.049625	0.0528902
0.049875	0.0530613
0.050125	0.0533386
0.050375	0.0536017
0.050625	0.0537999
0.050875	0.0541631
0.051125	0.0541849
0.051375	0.0544806
0.051625	0.0546757
0.051875	0.0549902
0.052125	0.0552938
0.052375	0.0555284
0.052625	0.0556869
0.052875	0.0559578
0.053125	0.0561185
0.053375	0.0564885
0.053625	0.056626
0.053875	0.0569939
0.054125	0.0571878
0.054375	0.0574136
0.054625	0.0576016
0.054875	0.057816
0.055125	0.0580842
0.055375	0.0583492
0.055625	0.0586746
0.055875	0.0588014
0.056125	0.0591499
0.056375	0.0591576
0.056625	0.0594264
0.056875	0.0597448
0.057125	0.0599291
0.057375	0.060196
0.057625	0.0605911
0.057875	0.0606951
0.058125	0.0610688
0.058375	0.0612721
0.058625	0.0615105
0.058875	0.0617098
0.059125	0.0620104
0.059375	0.0620921
0.059625	0.0623713
0.059875	0.062691
0.060125	0.062888
0.060375	0.0630173
0.060625	0.0632809
0.060875	0.0636677
0.061125	0.0639531
0.061375	0.0642035
0.061625	0.06444
0.061875	0.0646128
0.062125	0.0648551
0.062375	0.065032
0.062625	0.0652801
0.062875	0.0655975
0.063125	0.0657469
0.063375	0.066164
0.063625	0.0662273
0.063875	0.0663218
0.064125	0.0666954
0.064375	0.0668968
0.064625	0.0672498
0.064875	0.0676137
0.065125	0.0677332
0.065375	0.0679836
0.065625	0.0683252
0.065875	0.0684995
0.066125	0.0686693
0.066375	0.0689402
0.066625	0.0691007
0.066875	0.0695003
0.067125	0.0695724
0.067375	0.0697881
0.067625	0.0701417
0.067875	0.0704918
0.068125	0.0706409
0.068375	0.0708952
0.068625	0.0710588
0.068875	0.0713614
0.069125	0.0715065
0.069375	0.0717788
0.069625	0.0719165
0.069875	0.0722475
0.070125	0.0725086
0.070375	0.0728545
0.070625	0.0730029
0.070875	0.0732019
0.071125	0.0734994
0.071375	0.0737363
0.071625	0.0740122
0.071875	0.0742959
0.072125	0.074399
0.072375	0.0747271
0.072625	0.0750081
0.072875	0.0753421
0.073125	0.0755557
0.073375	0.0757373
0.073625	0.0760201
0.073875	0.0762046
0.074125	0.0763834
0.074375	0.0767573
0.074625	0.0769994
0.074875	0.0772081
0.075125	0.0774408
0.075375	0.0775387
0.075625	0.0779157
0.075875	0.0781787
0.076125	0.0783085
0.076375	0.0786589
0.076625	0.078831
0.076875	0.0790684
0.077125	0.0793371
0.077375	0.0795697
0.077625	0.0799155
0.077875	0.0800848
0.078125	0.0802781
0.078375	0.080606
0.078625	0.0808426
0.078875	0.0810106
0.079125	0.0812613
0.079375	0.0816326
0.079625	0.0818352
0.079875	0.0819775
0.080125	0.0822938
0.080375	0.0824738
0.080625	0.0829063
0.080875	0.0830318
0.081125	0.0832935
0.081375	0.0835969
0.081625	0.0837338
0.081875	0.0840525
0.082125	0.0842357
0.082375	0.0844888
0.082625	0.0847827
0.082875	0.0849453
0.083125	0.0852013
0.083375	0.0854008
0.083625	0.085736
0.083875	0.0859396
0.084125	0.0862119
0.084375	0.0863812
0.084625	0.0866703
0.084875	0.0868986
0.085125	0.0872123
0.085375	0.0873848
0.085625	0.0877728
0.085875	0.0878856
0.086125	0.088106
0.086375	0.0882649
0.086625	0.0887208
0.086875	0.0889254
0.087125	0.089226
0.087375	0.0893532
0.087625	0.0897329
0.087875	0.0898621
0.088125	0.090098
0.088375	0.0902501
0.088625	0.0905229
0.088875	0.0909142
0.089125	0.0910612
0.089375	0.0913307
0.089625	0.091614
0.089875	0.0918647
0.090125	0.0921523
0.090375	0.0923421
0.090625	0.0925565
0.090875	0.0928267
0.091125	0.0931431
0.091375	0.0933197
0.091625	0.0935195
0.091875	0.0938155
0.092125	0.0940654
0.092375	0.0942155
0.092625	0.094555
0.092875	0.094728
0.093125	0.0949514
0.093375	0.0953527
0.093625	0.0955986
0.093875	0.095755
0.094125	0.0959201
0.094375	0.0962556
0.094625	0.0964815
0.094875	0.0968076
0.095125	0.0969612
0.095375	0.0972146
0.095625	0.0974617
0.095875	0.0978736
0.096125	0.0979655
0.096375	0.0982213
0.096625	0.0984642
0.096875	0.0986888
0.097125	0.0989418
0.097375	0.0991924
0.097625	0.0994188
0.097875	0.0996986
0.098125	0.0998872
0.098375	0.100191
0.098625	0.100516
0.098875	0.100672
0.099125	0.100935
0.099375	0.101196
0.099625	0.101382
