!k=p1-p2
T_R	N 
0.00025	0.00927035
0.00075	0.0171597
0.00125	0.017136
0.00175	0.0174295
0.00225	0.0173693
0.00275	0.0177731
0.00325	0.0171128
0.00375	0.0180339
0.00425	0.0178685
0.00475	0.0177577
0.00525	0.0183513
0.00575	0.0182445
0.00625	0.0183792
0.00675	0.0188491
0.00725	0.0187627
0.00775	0.0186243
0.00825	0.0195722
0.00875	0.0196754
0.00925	0.019668
0.00975	0.0202052
0.01025	0.0201389
0.01075	0.0205312
0.01125	0.0210717
0.01175	0.0214287
0.01225	0.0215292
0.01275	0.0220306
0.01325	0.0223606
0.01375	0.0224868
0.01425	0.0227806
0.01475	0.0230633
0.01525	0.0238364
0.01575	0.0239423
0.01625	0.0241718
0.01675	0.024242
0.01725	0.0251474
0.01775	0.0254418
0.01825	0.0254435
0.01875	0.0259097
0.01925	0.0261229
0.01975	0.0266565
0.02025	0.0274926
0.02075	0.0273052
0.02125	0.0279792
0.02175	0.0283682
0.02225	0.0287126
0.02275	0.0293167
0.02325	0.029698
0.02375	0.0300426
0.02425	0.0301652
0.02475	0.0311251
0.02525	0.0312925
0.02575	0.031593
0.02625	0.0321414
0.02675	0.0323651
0.02725	0.0326873
0.02775	0.0333763
0.02825	0.0337552
0.02875	0.0341478
0.02925	0.0342378
0.02975	0.0348979
0.03025	0.0354131
0.03075	0.0355442
0.03125	0.0362532
0.03175	0.0366676
0.03225	0.036944
0.03275	0.0374651
0.03325	0.038222
0.03375	0.0385057
0.03425	0.038846
0.03475	0.0393193
0.03525	0.0398388
0.03575	0.0402517
0.03625	0.0408764
0.03675	0.0409522
0.03725	0.04161
0.03775	0.0422703
0.03825	0.0426014
0.03875	0.0428862
0.03925	0.0431933
0.03975	0.0439201
0.04025	0.0444302
0.04075	0.0448313
0.04125	0.0452935
0.04175	0.045544
0.04225	0.0463981
0.04275	0.0464223
0.04325	0.0470332
0.04375	0.0475273
0.04425	0.04803
0.04475	0.0484936
0.04525	0.0490433
0.04575	0.049391
0.04625	0.0499491
0.04675	0.0504341
0.04725	0.0509768
0.04775	0.0513147
0.04825	0.0516694
0.04875	0.0520804
0.04925	0.0526995
0.04975	0.05317
0.05025	0.0536782
0.05075	0.0538775
0.05125	0.0545843
0.05175	0.0550415
0.05225	0.0555645
0.05275	0.0558967
0.05325	0.0564466
0.05375	0.0567862
0.05425	0.0573724
0.05475	0.0579057
0.05525	0.0583448
0.05575	0.0588077
0.05625	0.0593852
0.05675	0.059806
0.05725	0.0599924
0.05775	0.0607285
0.05825	0.0611137
0.05875	0.0616039
0.05925	0.0621052
0.05975	0.0625874
0.06025	0.0631114
0.06075	0.0636299
0.06125	0.0640689
0.06175	0.0645205
0.06225	0.0648932
0.06275	0.0655849
0.06325	0.0659785
0.06375	0.0663628
0.06425	0.0668351
0.06475	0.0673621
0.06525	0.067931
0.06575	0.0681844
0.06625	0.0689038
0.06675	0.0694102
0.06725	0.0698812
0.06775	0.0704058
0.06825	0.0707667
0.06875	0.0713249
0.06925	0.0717851
0.06975	0.0723435
0.07025	0.0726582
0.07075	0.0732532
0.07125	0.0736909
0.07175	0.0741594
0.07225	0.0746774
0.07275	0.0751544
0.07325	0.0755215
0.07375	0.0761203
0.07425	0.076584
0.07475	0.0770907
0.07525	0.0773879
0.07575	0.0779323
0.07625	0.0784196
0.07675	0.0788855
0.07725	0.0794828
0.07775	0.0798656
0.07825	0.0804776
0.07875	0.0809512
0.07925	0.0814712
0.07975	0.0817891
0.08025	0.0824782
0.08075	0.0829241
0.08125	0.0833242
0.08175	0.0838509
0.08225	0.0843285
0.08275	0.0847935
0.08325	0.0852725
0.08375	0.0858011
0.08425	0.0862943
0.08475	0.0868736
0.08525	0.087332
0.08575	0.0878587
0.08625	0.0881464
0.08675	0.0887259
0.08725	0.0893825
0.08775	0.0897886
0.08825	0.0902227
0.08875	0.090617
0.08925	0.0912111
0.08975	0.091782
0.09025	0.0921738
0.09075	0.0927091
0.09125	0.0930808
0.09175	0.0936851
0.09225	0.0941718
0.09275	0.0946457
0.09325	0.0951293
0.09375	0.0955939
0.09425	0.0960626
0.09475	0.0965241
0.09525	0.0970769
0.09575	0.0975674
0.09625	0.0980798
0.09675	0.0985477
0.09725	0.0991136
0.09775	0.0994766
0.09825	0.100019
0.09875	0.100571
0.09925	0.101008
0.09975	0.101448
0.10025	0.10194
0.10075	0.102428
0.10125	0.102985
0.10175	0.103426
0.10225	0.104024
0.10275	0.104503
0.10325	0.104897
0.10375	0.105416
0.10425	0.10592
0.10475	0.106421
0.10525	0.106991
0.10575	0.107424
0.10625	0.107909
0.10675	0.108509
0.10725	0.108875
0.10775	0.109391
0.10825	0.109825
0.10875	0.110309
0.10925	0.110912
0.10975	0.111315
0.11025	0.111782
0.11075	0.112334
0.11125	0.112746
0.11175	0.113389
0.11225	0.113764
0.11275	0.114434
0.11325	0.114848
0.11375	0.115243
0.11425	0.115813
0.11475	0.116261
0.11525	0.116804
0.11575	0.117304
0.11625	0.117797
0.11675	0.118364
0.11725	0.11882
0.11775	0.119213
0.11825	0.119784
0.11875	0.120278
0.11925	0.120842
0.11975	0.121217
0.12025	0.121672
0.12075	0.122287
0.12125	0.12264
0.12175	0.123214
0.12225	0.123687
0.12275	0.124149
0.12325	0.124635
0.12375	0.125257
0.12425	0.125674
0.12475	0.126127
0.12525	0.126664
0.12575	0.12716
0.12625	0.127717
0.12675	0.128176
0.12725	0.128662
0.12775	0.129136
0.12825	0.129625
0.12875	0.13017
0.12925	0.130725
0.12975	0.131094
0.13025	0.131575
0.13075	0.13209
0.13125	0.132586
0.13175	0.132996
0.13225	0.133655
0.13275	0.134185
0.13325	0.134571
0.13375	0.135202
0.13425	0.135638
0.13475	0.13604
0.13525	0.136579
0.13575	0.137084
0.13625	0.137599
0.13675	0.138072
0.13725	0.138557
0.13775	0.138998
0.13825	0.139579
0.13875	0.140069
0.13925	0.140552
0.13975	0.140971
0.14025	0.141437
0.14075	0.141946
0.14125	0.142515
0.14175	0.143003
0.14225	0.143566
0.14275	0.144108
0.14325	0.144495
0.14375	0.145029
0.14425	0.145442
0.14475	0.145993
0.14525	0.146501
0.14575	0.147008
0.14625	0.147513
0.14675	0.14795
0.14725	0.148426
0.14775	0.148913
0.14825	0.149441
0.14875	0.149991
0.14925	0.150481
0.14975	0.150992
0.15025	0.151435
0.15075	0.151963
0.15125	0.152457
0.15175	0.152924
0.15225	0.153415
0.15275	0.153952
0.15325	0.154422
0.15375	0.154929
0.15425	0.155416
0.15475	0.15593
0.15525	0.156362
0.15575	0.156889
0.15625	0.157426
0.15675	0.157907
0.15725	0.158394
0.15775	0.158852
0.15825	0.159328
0.15875	0.159899
0.15925	0.160375
0.15975	0.160884
0.16025	0.161405
0.16075	0.161826
0.16125	0.162399
0.16175	0.162832
0.16225	0.163404
0.16275	0.16388
0.16325	0.164379
0.16375	0.164815
0.16425	0.16536
0.16475	0.16582
0.16525	0.166305
0.16575	0.166793
0.16625	0.167318
0.16675	0.167807
0.16725	0.168342
0.16775	0.168806
0.16825	0.16935
0.16875	0.169869
0.16925	0.170333
0.16975	0.170774
0.17025	0.171319
0.17075	0.171813
0.17125	0.172333
0.17175	0.172812
0.17225	0.173349
0.17275	0.173919
0.17325	0.174211
0.17375	0.174737
0.17425	0.175259
0.17475	0.175867
0.17525	0.176295
0.17575	0.176808
0.17625	0.177322
0.17675	0.177739
0.17725	0.178275
0.17775	0.17871
0.17825	0.179247
0.17875	0.179788
0.17925	0.18029
0.17975	0.180677
0.18025	0.181259
0.18075	0.181778
0.18125	0.182278
0.18175	0.182833
0.18225	0.18326
0.18275	0.183774
0.18325	0.184199
0.18375	0.184745
0.18425	0.185209
0.18475	0.185751
0.18525	0.186231
0.18575	0.186712
0.18625	0.187214
0.18675	0.187707
0.18725	0.188199
0.18775	0.188657
0.18825	0.189242
0.18875	0.189679
0.18925	0.190236
0.18975	0.190738
0.19025	0.191172
0.19075	0.191714
0.19125	0.192225
0.19175	0.192684
0.19225	0.193251
0.19275	0.193588
0.19325	0.194167
0.19375	0.194673
0.19425	0.195173
0.19475	0.19565
0.19525	0.196138
0.19575	0.196635
0.19625	0.197158
0.19675	0.197591
0.19725	0.198175
0.19775	0.198663
0.19825	0.199185
0.19875	0.199631
0.19925	0.200237
