!k=p1-p2
T_R	N 
0.00025	0.00861622
0.00075	0.0164109
0.00125	0.016602
0.00175	0.017057
0.00225	0.016809
0.00275	0.017741
0.00325	0.0173201
0.00375	0.0175711
0.00425	0.0178044
0.00475	0.0175781
0.00525	0.0176106
0.00575	0.0184165
0.00625	0.0183039
0.00675	0.0178919
0.00725	0.0189387
0.00775	0.0188368
0.00825	0.0191063
0.00875	0.0192831
0.00925	0.019916
0.00975	0.0198164
0.01025	0.019834
0.01075	0.0206323
0.01125	0.021168
0.01175	0.0210522
0.01225	0.0214174
0.01275	0.0217558
0.01325	0.0219813
0.01375	0.0222407
0.01425	0.0227435
0.01475	0.0228633
0.01525	0.0232264
0.01575	0.0236451
0.01625	0.0242602
0.01675	0.0244776
0.01725	0.0251535
0.01775	0.0254375
0.01825	0.0255495
0.01875	0.0256808
0.01925	0.0262142
0.01975	0.0268467
0.02025	0.0269841
0.02075	0.027289
0.02125	0.0278408
0.02175	0.0283348
0.02225	0.0288627
0.02275	0.0289087
0.02325	0.029381
0.02375	0.0300405
0.02425	0.0303911
0.02475	0.0307551
0.02525	0.0308088
0.02575	0.0315775
0.02625	0.0317919
0.02675	0.0323147
0.02725	0.0328481
0.02775	0.0329958
0.02825	0.0334565
0.02875	0.0341158
0.02925	0.0345177
0.02975	0.0348952
0.03025	0.0352346
0.03075	0.0357379
0.03125	0.0362359
0.03175	0.0363997
0.03225	0.037112
0.03275	0.0375369
0.03325	0.0377859
0.03375	0.038551
0.03425	0.0386691
0.03475	0.039265
0.03525	0.0394828
0.03575	0.0402326
0.03625	0.0406769
0.03675	0.0411603
0.03725	0.0413548
0.03775	0.042118
0.03825	0.04216
0.03875	0.0427378
0.03925	0.0431851
0.03975	0.0437608
0.04025	0.0440376
0.04075	0.0447896
0.04125	0.0452883
0.04175	0.0455171
0.04225	0.0459458
0.04275	0.046579
0.04325	0.0470579
0.04375	0.0475636
0.04425	0.0479166
0.04475	0.0483525
0.04525	0.0488824
0.04575	0.0492415
0.04625	0.049761
0.04675	0.0500873
0.04725	0.0506464
0.04775	0.0511379
0.04825	0.0516326
0.04875	0.0521231
0.04925	0.0526405
0.04975	0.0531418
0.05025	0.0535364
0.05075	0.0539459
0.05125	0.0543226
0.05175	0.0548633
0.05225	0.0554039
0.05275	0.0559216
0.05325	0.0561848
0.05375	0.0568357
0.05425	0.0570715
0.05475	0.0576887
0.05525	0.0581749
0.05575	0.0586577
0.05625	0.059118
0.05675	0.0597589
0.05725	0.0602851
0.05775	0.0605614
0.05825	0.0613249
0.05875	0.0615715
0.05925	0.06205
0.05975	0.0625339
0.06025	0.0630071
0.06075	0.0634574
0.06125	0.0640772
0.06175	0.0644639
0.06225	0.0648803
0.06275	0.0653888
0.06325	0.065982
0.06375	0.0663702
0.06425	0.0668923
0.06475	0.0674054
0.06525	0.0678601
0.06575	0.0684032
0.06625	0.0688066
0.06675	0.0693826
0.06725	0.0698499
0.06775	0.0701483
0.06825	0.0707336
0.06875	0.071208
0.06925	0.0717446
0.06975	0.0722662
0.07025	0.0727765
0.07075	0.0731611
0.07125	0.0736274
0.07175	0.0740378
0.07225	0.0744884
0.07275	0.0750554
0.07325	0.07549
0.07375	0.0760664
0.07425	0.0766254
0.07475	0.0770419
0.07525	0.0774239
0.07575	0.0779902
0.07625	0.078434
0.07675	0.0790906
0.07725	0.0795206
0.07775	0.0800584
0.07825	0.0803173
0.07875	0.0808443
0.07925	0.0814016
0.07975	0.0819879
0.08025	0.0823684
0.08075	0.0827894
0.08125	0.0833273
0.08175	0.0838103
0.08225	0.0844131
0.08275	0.08482
0.08325	0.0854415
0.08375	0.0858861
0.08425	0.0862647
0.08475	0.0868095
0.08525	0.0872175
0.08575	0.087806
0.08625	0.0882509
0.08675	0.0886605
0.08725	0.0892172
0.08775	0.0897004
0.08825	0.0901736
0.08875	0.0905718
0.08925	0.0912531
0.08975	0.0916316
0.09025	0.0921994
0.09075	0.0926755
0.09125	0.0930891
0.09175	0.0936003
0.09225	0.094114
0.09275	0.09464
0.09325	0.0950062
0.09375	0.0957214
0.09425	0.0960253
0.09475	0.0966256
0.09525	0.0971432
0.09575	0.0975138
0.09625	0.098053
0.09675	0.0985768
0.09725	0.0990675
0.09775	0.0995546
0.09825	0.100003
0.09875	0.100563
0.09925	0.100989
0.09975	0.101518
0.10025	0.10204
0.10075	0.102513
0.10125	0.102952
0.10175	0.103512
0.10225	0.103996
0.10275	0.104462
0.10325	0.104853
0.10375	0.105364
0.10425	0.105901
0.10475	0.106553
0.10525	0.106893
0.10575	0.107455
0.10625	0.107905
0.10675	0.108371
0.10725	0.108847
0.10775	0.109346
0.10825	0.109899
0.10875	0.110382
0.10925	0.110857
0.10975	0.11127
0.11025	0.111829
0.11075	0.112357
0.11125	0.112849
0.11175	0.113262
0.11225	0.11383
0.11275	0.114344
0.11325	0.114747
0.11375	0.115365
0.11425	0.115781
0.11475	0.116312
0.11525	0.116801
0.11575	0.117301
0.11625	0.117826
0.11675	0.118275
0.11725	0.118793
0.11775	0.119258
0.11825	0.119674
0.11875	0.120252
0.11925	0.120792
0.11975	0.121196
0.12025	0.121691
0.12075	0.122169
0.12125	0.122672
0.12175	0.123163
0.12225	0.12375
0.12275	0.124186
0.12325	0.124728
0.12375	0.125245
0.12425	0.125664
0.12475	0.126139
0.12525	0.126681
0.12575	0.127152
0.12625	0.127692
0.12675	0.128145
0.12725	0.128621
0.12775	0.129124
0.12825	0.129621
0.12875	0.130132
0.12925	0.130616
0.12975	0.131053
0.13025	0.131582
0.13075	0.132121
0.13125	0.132615
0.13175	0.133116
0.13225	0.133538
0.13275	0.13409
0.13325	0.134534
0.13375	0.135067
0.13425	0.135544
0.13475	0.13605
0.13525	0.136619
0.13575	0.137002
0.13625	0.137552
0.13675	0.138046
0.13725	0.138495
0.13775	0.139087
0.13825	0.139538
0.13875	0.14007
0.13925	0.140499
0.13975	0.141044
0.14025	0.141452
0.14075	0.142035
0.14125	0.142489
0.14175	0.143026
0.14225	0.143472
0.14275	0.144031
0.14325	0.144521
0.14375	0.144945
0.14425	0.145497
0.14475	0.145968
0.14525	0.146506
0.14575	0.147025
0.14625	0.147542
0.14675	0.147941
0.14725	0.148501
0.14775	0.148879
0.14825	0.149489
0.14875	0.149978
0.14925	0.150406
0.14975	0.150933
0.15025	0.151426
0.15075	0.151935
0.15125	0.152489
0.15175	0.152938
0.15225	0.153471
0.15275	0.153973
0.15325	0.154419
0.15375	0.154953
0.15425	0.155401
0.15475	0.155918
0.15525	0.156472
0.15575	0.156887
0.15625	0.157397
0.15675	0.157898
0.15725	0.15837
0.15775	0.15891
0.15825	0.159358
0.15875	0.159843
0.15925	0.160385
0.15975	0.160893
0.16025	0.161382
0.16075	0.161886
0.16125	0.162392
0.16175	0.162904
0.16225	0.163338
0.16275	0.163879
0.16325	0.16438
0.16375	0.164836
0.16425	0.165409
0.16475	0.165862
0.16525	0.166378
0.16575	0.166859
0.16625	0.167325
0.16675	0.167774
0.16725	0.168317
0.16775	0.168849
0.16825	0.169294
0.16875	0.1698
0.16925	0.170348
0.16975	0.170839
0.17025	0.171354
0.17075	0.171842
0.17125	0.172288
0.17175	0.172837
0.17225	0.173277
0.17275	0.173788
0.17325	0.174335
0.17375	0.174806
0.17425	0.175344
0.17475	0.175805
0.17525	0.176318
0.17575	0.17679
0.17625	0.17735
0.17675	0.177787
0.17725	0.178322
0.17775	0.17879
0.17825	0.179311
0.17875	0.179776
0.17925	0.180258
0.17975	0.180807
0.18025	0.181246
0.18075	0.181793
0.18125	0.182264
0.18175	0.182821
0.18225	0.183281
0.18275	0.183777
0.18325	0.184242
0.18375	0.184785
0.18425	0.185201
0.18475	0.185751
0.18525	0.186274
0.18575	0.186733
0.18625	0.18721
0.18675	0.18777
0.18725	0.188193
0.18775	0.188736
0.18825	0.189241
0.18875	0.189767
0.18925	0.190238
0.18975	0.190721
0.19025	0.191264
0.19075	0.191722
0.19125	0.192234
0.19175	0.192751
0.19225	0.193196
0.19275	0.193718
0.19325	0.194213
0.19375	0.194681
0.19425	0.19524
0.19475	0.195639
0.19525	0.196254
0.19575	0.196652
0.19625	0.197168
0.19675	0.197726
0.19725	0.198203
0.19775	0.198667
0.19825	0.199223
0.19875	0.199736
0.19925	0.200195
