!k=p1-p2
T_R	N 
0.00025	0.0129669
0.00075	0.0211875
0.00125	0.0222055
0.00175	0.0225453
0.00225	0.0230327
0.00275	0.0224946
0.00325	0.0231759
0.00375	0.0230761
0.00425	0.0230877
0.00475	0.0232382
0.00525	0.0230401
0.00575	0.0224624
0.00625	0.0224919
0.00675	0.0233205
0.00725	0.0231758
0.00775	0.0230916
0.00825	0.0234208
0.00875	0.0230267
0.00925	0.0233797
0.00975	0.0229027
0.01025	0.0236247
0.01075	0.0234268
0.01125	0.0233466
0.01175	0.0239763
0.01225	0.023993
0.01275	0.0234566
0.01325	0.023692
0.01375	0.0237881
0.01425	0.0241286
0.01475	0.0234695
0.01525	0.0240348
0.01575	0.0236196
0.01625	0.0241563
0.01675	0.0238689
0.01725	0.0241027
0.01775	0.0242024
0.01825	0.0241745
0.01875	0.024826
0.01925	0.0248621
0.01975	0.0242853
0.02025	0.0246081
0.02075	0.0247519
0.02125	0.024857
0.02175	0.0248648
0.02225	0.025172
0.02275	0.0251145
0.02325	0.0254274
0.02375	0.0254212
0.02425	0.0256497
0.02475	0.0256331
0.02525	0.0258289
0.02575	0.0254432
0.02625	0.0259175
0.02675	0.0253374
0.02725	0.026208
0.02775	0.0259287
0.02825	0.0258917
0.02875	0.0260761
0.02925	0.0260294
0.02975	0.026429
0.03025	0.0263853
0.03075	0.0265093
0.03125	0.0265837
0.03175	0.0269274
0.03225	0.0267874
0.03275	0.0269792
0.03325	0.0275265
0.03375	0.0273617
0.03425	0.0274465
0.03475	0.0277289
0.03525	0.0275859
0.03575	0.0276039
0.03625	0.0278835
0.03675	0.0278913
0.03725	0.0282597
0.03775	0.0284944
0.03825	0.0281052
0.03875	0.0285494
0.03925	0.0284609
0.03975	0.0282956
0.04025	0.0291228
0.04075	0.0290464
0.04125	0.0287968
0.04175	0.0294869
0.04225	0.0291225
0.04275	0.0292612
0.04325	0.0297692
0.04375	0.0297593
0.04425	0.0295081
0.04475	0.030118
0.04525	0.0302079
0.04575	0.0297361
0.04625	0.0301778
0.04675	0.0305995
0.04725	0.0303063
0.04775	0.0306016
0.04825	0.0307055
0.04875	0.0309845
0.04925	0.03123
0.04975	0.0310536
0.05025	0.030841
0.05075	0.0313612
0.05125	0.0313188
0.05175	0.0312257
0.05225	0.0317823
0.05275	0.0317704
0.05325	0.031787
0.05375	0.0323587
0.05425	0.0323776
0.05475	0.032256
0.05525	0.0328258
0.05575	0.0327479
0.05625	0.0329151
0.05675	0.032856
0.05725	0.0331385
0.05775	0.0335224
0.05825	0.0334784
0.05875	0.0333526
0.05925	0.0337292
0.05975	0.0336699
0.06025	0.0340577
0.06075	0.03414
0.06125	0.0344002
0.06175	0.0347003
0.06225	0.0345936
0.06275	0.0348328
0.06325	0.0344609
0.06375	0.0348722
0.06425	0.0351474
0.06475	0.0350554
0.06525	0.035249
0.06575	0.0351181
0.06625	0.0352671
0.06675	0.0354891
0.06725	0.0357783
0.06775	0.0356735
0.06825	0.0360443
0.06875	0.0367032
0.06925	0.0362401
0.06975	0.0361342
0.07025	0.0365906
0.07075	0.0365757
0.07125	0.0372707
0.07175	0.0370359
0.07225	0.0370269
0.07275	0.0369932
0.07325	0.0374071
0.07375	0.0374869
0.07425	0.0377498
0.07475	0.0374359
0.07525	0.0386008
0.07575	0.0383351
0.07625	0.0384983
0.07675	0.0384705
0.07725	0.0387922
0.07775	0.038896
0.07825	0.0393212
0.07875	0.0393242
0.07925	0.0397068
0.07975	0.0396055
0.08025	0.0393349
0.08075	0.0388782
0.08125	0.0396701
0.08175	0.0400169
0.08225	0.0406197
0.08275	0.0400245
0.08325	0.0406145
0.08375	0.040183
0.08425	0.0408953
0.08475	0.0406735
0.08525	0.0411495
0.08575	0.0407811
0.08625	0.0411115
0.08675	0.0414882
0.08725	0.0413759
0.08775	0.0418178
0.08825	0.0421021
0.08875	0.0422821
0.08925	0.0415052
0.08975	0.0422478
0.09025	0.0426981
0.09075	0.0422126
0.09125	0.0428018
0.09175	0.0426879
0.09225	0.0428662
0.09275	0.0427316
0.09325	0.0432574
0.09375	0.0433912
0.09425	0.0433257
0.09475	0.0435969
0.09525	0.0437058
0.09575	0.044011
0.09625	0.0438401
0.09675	0.0437429
0.09725	0.0443755
0.09775	0.0446463
0.09825	0.0447047
0.09875	0.0443686
0.09925	0.044826
0.09975	0.0453111
0.10025	0.0451336
0.10075	0.0454633
0.10125	0.0457096
0.10175	0.0455125
0.10225	0.0458019
0.10275	0.0460382
0.10325	0.0462354
0.10375	0.0460266
0.10425	0.0465369
0.10475	0.0472291
0.10525	0.0467478
0.10575	0.0468606
0.10625	0.0462608
0.10675	0.0462353
0.10725	0.0469167
0.10775	0.0477916
0.10825	0.0470291
0.10875	0.0479588
0.10925	0.0477264
0.10975	0.0477398
0.11025	0.0482334
0.11075	0.0485396
0.11125	0.0482377
0.11175	0.0487621
0.11225	0.0488493
0.11275	0.0487205
0.11325	0.049055
0.11375	0.0487409
0.11425	0.0492313
0.11475	0.0492002
0.11525	0.0492076
0.11575	0.0502269
0.11625	0.0496843
0.11675	0.0497473
0.11725	0.0498329
0.11775	0.0497697
0.11825	0.0510997
0.11875	0.0503093
0.11925	0.0503272
0.11975	0.0496587
0.12025	0.0505551
0.12075	0.0514918
0.12125	0.0510034
0.12175	0.0516382
0.12225	0.0513674
0.12275	0.0518979
0.12325	0.0521354
0.12375	0.0527473
0.12425	0.0517086
0.12475	0.0523413
0.12525	0.0519957
0.12575	0.0528734
0.12625	0.0525935
0.12675	0.0529027
0.12725	0.0525056
0.12775	0.0531095
0.12825	0.0530562
0.12875	0.0534523
0.12925	0.0536171
0.12975	0.053503
0.13025	0.0544569
0.13075	0.0544273
0.13125	0.0549754
0.13175	0.0547255
0.13225	0.0542724
0.13275	0.0537982
0.13325	0.0548311
0.13375	0.0549571
0.13425	0.0545091
0.13475	0.0554582
0.13525	0.0545043
0.13575	0.0553916
0.13625	0.0554443
0.13675	0.0552942
0.13725	0.0561448
0.13775	0.0542668
0.13825	0.0565836
0.13875	0.0562458
0.13925	0.0565042
0.13975	0.0558664
0.14025	0.0564126
0.14075	0.05706
0.14125	0.0575787
0.14175	0.0574087
0.14225	0.0572219
0.14275	0.0573185
0.14325	0.0566914
0.14375	0.0572836
0.14425	0.0582895
0.14475	0.0577593
0.14525	0.0577804
0.14575	0.0574399
0.14625	0.058403
0.14675	0.0583021
0.14725	0.0583586
0.14775	0.0588284
0.14825	0.0579588
0.14875	0.059461
0.14925	0.059057
0.14975	0.0593491
0.15025	0.0591655
0.15075	0.0588292
0.15125	0.0590419
0.15175	0.0595138
0.15225	0.0586267
0.15275	0.0597519
0.15325	0.060796
0.15375	0.0597357
0.15425	0.060187
0.15475	0.0600361
0.15525	0.0604697
0.15575	0.0611599
0.15625	0.0611615
0.15675	0.0615333
0.15725	0.0615793
0.15775	0.0609623
0.15825	0.0616899
0.15875	0.0613562
0.15925	0.0611737
0.15975	0.0610863
0.16025	0.0616539
0.16075	0.0627173
0.16125	0.062026
0.16175	0.063163
0.16225	0.0630423
0.16275	0.062316
0.16325	0.0617073
0.16375	0.0631852
0.16425	0.0627939
0.16475	0.0637005
0.16525	0.0638764
0.16575	0.0636371
0.16625	0.0636577
0.16675	0.0641172
0.16725	0.0631995
0.16775	0.0634013
0.16825	0.0644072
0.16875	0.0638731
0.16925	0.0649483
0.16975	0.0646794
0.17025	0.0657434
0.17075	0.065232
0.17125	0.0651956
0.17175	0.0649114
0.17225	0.0643613
0.17275	0.0655698
0.17325	0.0652724
0.17375	0.0658528
0.17425	0.0659937
0.17475	0.0660444
0.17525	0.0666863
0.17575	0.0669412
0.17625	0.0668037
0.17675	0.0658798
0.17725	0.0663553
0.17775	0.0667897
0.17825	0.0665358
0.17875	0.0676497
0.17925	0.0673964
0.17975	0.0669963
0.18025	0.068186
0.18075	0.0671019
0.18125	0.0672094
0.18175	0.0671833
0.18225	0.0675647
0.18275	0.0684964
0.18325	0.0685477
0.18375	0.0679471
0.18425	0.0690772
0.18475	0.0690547
0.18525	0.0688736
0.18575	0.0687737
0.18625	0.0685127
0.18675	0.0697169
0.18725	0.0693603
0.18775	0.0697143
0.18825	0.0701613
0.18875	0.0701175
0.18925	0.0696944
0.18975	0.0707748
0.19025	0.0697216
0.19075	0.0710361
0.19125	0.0697188
0.19175	0.0700525
0.19225	0.0700542
0.19275	0.0706825
0.19325	0.0715413
0.19375	0.0712828
0.19425	0.0713658
0.19475	0.0711033
0.19525	0.0713574
0.19575	0.0717277
0.19625	0.0721411
0.19675	0.0715286
0.19725	0.0712312
0.19775	0.072356
0.19825	0.0730219
0.19875	0.0721536
0.19925	0.0738439
