!k=p1-p2
Fit result: lambda=0.445198 err_lambda=0.0395451 R=6.04628 err_R=0.728381
k/GeV/c	C(k)	+/-	PairNum
0.0025	0.947629 0 1
0.0075	1.38281 0.0170579 2
0.0125	1.23745 0.0518818 27
0.0175	1.33314 0.06617 26
0.0225	1.21271 0.0437042 55
0.0275	1.13633 0.0301173 93
0.0325	1.10982 0.0242109 121
0.0375	1.05686 0.0173863 140
0.0425	1.05324 0.0143223 196
0.0475	1.0422 0.0119259 224
0.0525	1.0511 0.0120379 281
0.0575	1.04385 0.0115425 253
0.0625	1.02549 0.00796535 339
0.0675	1.01893 0.00598175 416
0.0725	1.01332 0.00476442 465
0.0775	1.00541 0.00312011 478
0.0825	1.01939 0.00580639 509
0.0875	1.00944 0.00384303 540
0.0925	1.01998 0.00548952 592
0.0975	1.01704 0.00509567 586
0.1025	1.01197 0.00399311 649
0.1075	1.00544 0.00271201 656
0.1125	1.0055 0.00274103 681
0.1175	1.00746 0.00304804 706
0.1225	1.00838 0.00341299 644
0.1275	1.00358 0.00206344 772
0.1325	1.00316 0.00182222 862
0.1375	1.00334 0.00192592 786
0.1425	1.00357 0.00205969 777
0.1475	1.00673 0.00274011 809
0.1525	1.004 0.00200083 892
0.1575	1.00864 0.00304237 877
0.1625	1.00459 0.00205775 922
0.1675	1.00567 0.00231606 963
0.1725	1.00708 0.00266601 903
0.1775	1.00245 0.00141486 963
0.1825	1.0087 0.00289104 949
0.1875	1.00409 0.00183277 1051
0.1925	1.00254 0.00146441 946
