!k=(p1-p2)/2
T_R	N 
0.000125	0.0167739
0.000375	0.0171023
0.000625	0.0168007
0.000875	0.0172697
0.001125	0.0170499
0.001375	0.0175072
0.001625	0.017287
0.001875	0.0176933
0.002125	0.0174915
0.002375	0.0168201
0.002625	0.0169526
0.002875	0.0176758
0.003125	0.017183
0.003375	0.0175676
0.003625	0.0172627
0.003875	0.017965
0.004125	0.0172132
0.004375	0.0182069
0.004625	0.0175786
0.004875	0.0182286
0.005125	0.0178853
0.005375	0.017626
0.005625	0.0178543
0.005875	0.018211
0.006125	0.0183153
0.006375	0.0181872
0.006625	0.0185647
0.006875	0.0188913
0.007125	0.0189104
0.007375	0.0186137
0.007625	0.0191373
0.007875	0.0194771
0.008125	0.0193132
0.008375	0.019052
0.008625	0.0194388
0.008875	0.0196
0.009125	0.0199093
0.009375	0.0200601
0.009625	0.0202051
0.009875	0.019913
0.010125	0.0204814
0.010375	0.0207376
0.010625	0.0205409
0.010875	0.0209619
0.011125	0.0209185
0.011375	0.0209452
0.011625	0.0212847
0.011875	0.0213601
0.012125	0.0218001
0.012375	0.0215675
0.012625	0.021661
0.012875	0.0219075
0.013125	0.0221233
0.013375	0.0222596
0.013625	0.0225392
0.013875	0.0224025
0.014125	0.0227101
0.014375	0.0226878
0.014625	0.0229849
0.014875	0.0235224
0.015125	0.023422
0.015375	0.0233744
0.015625	0.0238098
0.015875	0.0237437
0.016125	0.024352
0.016375	0.0242103
0.016625	0.024464
0.016875	0.0249707
0.017125	0.0246616
0.017375	0.0248459
0.017625	0.0252676
0.017875	0.0251614
0.018125	0.0256458
0.018375	0.0260799
0.018625	0.0259265
0.018875	0.0262387
0.019125	0.0261914
0.019375	0.0264978
0.019625	0.0265489
0.019875	0.0267553
0.020125	0.0270527
0.020375	0.0272284
0.020625	0.0273786
0.020875	0.0276539
0.021125	0.0280019
0.021375	0.0283383
0.021625	0.0282516
0.021875	0.0283543
0.022125	0.0290917
0.022375	0.0289188
0.022625	0.0292739
0.022875	0.0292994
0.023125	0.0297289
0.023375	0.0295777
0.023625	0.0298409
0.023875	0.0299231
0.024125	0.0304579
0.024375	0.0304045
0.024625	0.0305882
0.024875	0.0308061
0.025125	0.0311258
0.025375	0.0311384
0.025625	0.0314506
0.025875	0.0316891
0.026125	0.0321745
0.026375	0.0320052
0.026625	0.0322934
0.026875	0.0324371
0.027125	0.0327061
0.027375	0.0329937
0.027625	0.0330919
0.027875	0.0335192
0.028125	0.03332
0.028375	0.0338448
0.028625	0.0340699
0.028875	0.034018
0.029125	0.0345054
0.029375	0.0345936
0.029625	0.0348566
0.029875	0.0347464
0.030125	0.0352367
0.030375	0.0357579
0.030625	0.0358506
0.030875	0.0358397
0.031125	0.0363303
0.031375	0.0361633
0.031625	0.0365934
0.031875	0.0367804
0.032125	0.0368
0.032375	0.0374372
0.032625	0.0373317
0.032875	0.0377353
0.033125	0.0378487
0.033375	0.0381254
0.033625	0.0381159
0.033875	0.038374
0.034125	0.0385626
0.034375	0.0389917
0.034625	0.0393209
0.034875	0.0394517
0.035125	0.039385
0.035375	0.0399046
0.035625	0.0401765
0.035875	0.0402949
0.036125	0.0405965
0.036375	0.0407445
0.036625	0.0410566
0.036875	0.0413916
0.037125	0.0415565
0.037375	0.0418866
0.037625	0.0418342
0.037875	0.0421941
0.038125	0.0422096
0.038375	0.0427986
0.038625	0.0428694
0.038875	0.0430482
0.039125	0.0434039
0.039375	0.0435629
0.039625	0.0439133
0.039875	0.0439831
0.040125	0.0443822
0.040375	0.0443378
0.040625	0.0446154
0.040875	0.0448396
0.041125	0.0448711
0.041375	0.0453239
0.041625	0.0453409
0.041875	0.0456399
0.042125	0.0460047
0.042375	0.0460458
0.042625	0.0467963
0.042875	0.046654
0.043125	0.0469972
0.043375	0.0471332
0.043625	0.0474583
0.043875	0.047539
0.044125	0.0478597
0.044375	0.0480412
0.044625	0.0483999
0.044875	0.0488622
0.045125	0.0487853
0.045375	0.0491201
0.045625	0.0492609
0.045875	0.049579
0.046125	0.0498914
0.046375	0.0499992
0.046625	0.0501736
0.046875	0.0505629
0.047125	0.0506327
0.047375	0.0508195
0.047625	0.0511264
0.047875	0.0513873
0.048125	0.0516036
0.048375	0.0518781
0.048625	0.0520626
0.048875	0.0522533
0.049125	0.0526762
0.049375	0.0527959
0.049625	0.0530168
0.049875	0.0533995
0.050125	0.0535465
0.050375	0.0537169
0.050625	0.0541237
0.050875	0.0542045
0.051125	0.0544164
0.051375	0.0546242
0.051625	0.0549612
0.051875	0.0551033
0.052125	0.055386
0.052375	0.0554708
0.052625	0.0558685
0.052875	0.056165
0.053125	0.0563713
0.053375	0.0563761
0.053625	0.056928
0.053875	0.0570911
0.054125	0.0571531
0.054375	0.057532
0.054625	0.0579364
0.054875	0.0578606
0.055125	0.0581643
0.055375	0.0584611
0.055625	0.0587503
0.055875	0.0588431
0.056125	0.0590025
0.056375	0.0595354
0.056625	0.0597528
0.056875	0.0600177
0.057125	0.0602058
0.057375	0.0603581
0.057625	0.0605082
0.057875	0.0608272
0.058125	0.061097
0.058375	0.0612535
0.058625	0.0616069
0.058875	0.0619206
0.059125	0.0619608
0.059375	0.0623485
0.059625	0.0625444
0.059875	0.0625913
0.060125	0.063011
0.060375	0.0632032
0.060625	0.06351
0.060875	0.0636904
0.061125	0.0639251
0.061375	0.0641952
0.061625	0.0645595
0.061875	0.064763
0.062125	0.06492
0.062375	0.0651132
0.062625	0.0652698
0.062875	0.0657032
0.063125	0.0659582
0.063375	0.0661469
0.063625	0.0663208
0.063875	0.0666151
0.064125	0.0670929
0.064375	0.0670205
0.064625	0.0671704
0.064875	0.0674992
0.065125	0.0676728
0.065375	0.0680982
0.065625	0.0682061
0.065875	0.0684729
0.066125	0.068682
0.066375	0.0688835
0.066625	0.0693177
0.066875	0.0694869
0.067125	0.0696871
0.067375	0.0700228
0.067625	0.0700504
0.067875	0.0704466
0.068125	0.0705805
0.068375	0.0709356
0.068625	0.0713095
0.068875	0.0714094
0.069125	0.0716642
0.069375	0.0718845
0.069625	0.0720635
0.069875	0.0723938
0.070125	0.0726354
0.070375	0.0726859
0.070625	0.0729184
0.070875	0.0733702
0.071125	0.0735738
0.071375	0.0738168
0.071625	0.0740492
0.071875	0.0742459
0.072125	0.0744629
0.072375	0.0749495
0.072625	0.0750456
0.072875	0.0752196
0.073125	0.0755355
0.073375	0.0758348
0.073625	0.0759869
0.073875	0.0761365
0.074125	0.076287
0.074375	0.0767236
0.074625	0.0769753
0.074875	0.0771161
0.075125	0.0774124
0.075375	0.0776973
0.075625	0.0779316
0.075875	0.0782549
0.076125	0.0784168
0.076375	0.0786971
0.076625	0.0788576
0.076875	0.0790978
0.077125	0.0794457
0.077375	0.079688
0.077625	0.0798576
0.077875	0.0801287
0.078125	0.0802962
0.078375	0.0805576
0.078625	0.0809693
0.078875	0.0811079
0.079125	0.0813205
0.079375	0.0817207
0.079625	0.0820125
0.079875	0.0821359
0.080125	0.082441
0.080375	0.0826921
0.080625	0.0826694
0.080875	0.083164
0.081125	0.0832137
0.081375	0.0834438
0.081625	0.0837977
0.081875	0.0840918
0.082125	0.0844379
0.082375	0.0845689
0.082625	0.0846854
0.082875	0.0849428
0.083125	0.0851576
0.083375	0.085462
0.083625	0.0855907
0.083875	0.086095
0.084125	0.0862168
0.084375	0.0864781
0.084625	0.0867696
0.084875	0.0870093
0.085125	0.0871717
0.085375	0.0875029
0.085625	0.0876195
0.085875	0.0879103
0.086125	0.0882372
0.086375	0.088329
0.086625	0.0887502
0.086875	0.0890961
0.087125	0.0891513
0.087375	0.0894118
0.087625	0.0896528
0.087875	0.089907
0.088125	0.0902101
0.088375	0.0904145
0.088625	0.09066
0.088875	0.090829
0.089125	0.0910401
0.089375	0.0913686
0.089625	0.091623
0.089875	0.0918975
0.090125	0.0920382
0.090375	0.0924057
0.090625	0.0926109
0.090875	0.0928331
0.091125	0.0931568
0.091375	0.0933174
0.091625	0.0934802
0.091875	0.0938128
0.092125	0.094006
0.092375	0.0942011
0.092625	0.0946039
0.092875	0.0946881
0.093125	0.0950407
0.093375	0.0952956
0.093625	0.0954913
0.093875	0.0957679
0.094125	0.096
0.094375	0.0963666
0.094625	0.0964772
0.094875	0.0967574
0.095125	0.0970909
0.095375	0.0971427
0.095625	0.0975649
0.095875	0.0976723
0.096125	0.0979428
0.096375	0.0981928
0.096625	0.0984625
0.096875	0.0985472
0.097125	0.0989088
0.097375	0.0992218
0.097625	0.0995272
0.097875	0.099695
0.098125	0.0999235
0.098375	0.100215
0.098625	0.10051
0.098875	0.100654
0.099125	0.100939
0.099375	0.101138
0.099625	0.101351
