!k=(p1-p2)/2
T_R	N 
0.000125	0.0223942
0.000375	0.0226857
0.000625	0.0228571
0.000875	0.0228999
0.001125	0.0231202
0.001375	0.0224982
0.001625	0.0228676
0.001875	0.0224244
0.002125	0.0222099
0.002375	0.0228861
0.002625	0.0229504
0.002875	0.0226918
0.003125	0.0223736
0.003375	0.0225793
0.003625	0.0228121
0.003875	0.0226832
0.004125	0.0227253
0.004375	0.0229219
0.004625	0.0228152
0.004875	0.022554
0.005125	0.0226261
0.005375	0.0225878
0.005625	0.0225986
0.005875	0.0225346
0.006125	0.02267
0.006375	0.0228609
0.006625	0.0229292
0.006875	0.0225716
0.007125	0.0225385
0.007375	0.0229262
0.007625	0.0232336
0.007875	0.0230908
0.008125	0.0228876
0.008375	0.0232678
0.008625	0.0232434
0.008875	0.0230143
0.009125	0.0229821
0.009375	0.023432
0.009625	0.0229832
0.009875	0.0232217
0.010125	0.022896
0.010375	0.0228131
0.010625	0.0226414
0.010875	0.02345
0.011125	0.0236892
0.011375	0.0233135
0.011625	0.0231536
0.011875	0.0238082
0.012125	0.0238135
0.012375	0.0233416
0.012625	0.0234099
0.012875	0.0234928
0.013125	0.0234824
0.013375	0.023522
0.013625	0.023595
0.013875	0.0238496
0.014125	0.0238598
0.014375	0.0237715
0.014625	0.0237107
0.014875	0.023621
0.015125	0.0235816
0.015375	0.0237314
0.015625	0.0238298
0.015875	0.0239472
0.016125	0.0233371
0.016375	0.0237984
0.016625	0.0238612
0.016875	0.0240377
0.017125	0.024271
0.017375	0.02418
0.017625	0.0239937
0.017875	0.0246104
0.018125	0.0241275
0.018375	0.0245239
0.018625	0.0244663
0.018875	0.0238206
0.019125	0.0247874
0.019375	0.0240811
0.019625	0.0244837
0.019875	0.0245766
0.020125	0.0243781
0.020375	0.0240983
0.020625	0.0247717
0.020875	0.0246654
0.021125	0.0248393
0.021375	0.0240447
0.021625	0.0247376
0.021875	0.0247413
0.022125	0.024684
0.022375	0.024695
0.022625	0.0248725
0.022875	0.0249432
0.023125	0.0251262
0.023375	0.0249605
0.023625	0.0252007
0.023875	0.0253806
0.024125	0.0252138
0.024375	0.0251584
0.024625	0.0250806
0.024875	0.0255764
0.025125	0.0253675
0.025375	0.0255408
0.025625	0.0252568
0.025875	0.0257471
0.026125	0.0259055
0.026375	0.0255939
0.026625	0.0262174
0.026875	0.0256863
0.027125	0.0255453
0.027375	0.0258179
0.027625	0.0254071
0.027875	0.0262213
0.028125	0.0258402
0.028375	0.0259157
0.028625	0.0255449
0.028875	0.0262864
0.029125	0.0263151
0.029375	0.0260505
0.029625	0.0259928
0.029875	0.026002
0.030125	0.0262636
0.030375	0.0263054
0.030625	0.0262951
0.030875	0.0267019
0.031125	0.0263712
0.031375	0.026524
0.031625	0.0267939
0.031875	0.0262882
0.032125	0.0267743
0.032375	0.027104
0.032625	0.0270719
0.032875	0.026747
0.033125	0.0269409
0.033375	0.0269206
0.033625	0.0275884
0.033875	0.027173
0.034125	0.0265754
0.034375	0.0270814
0.034625	0.0271861
0.034875	0.0274605
0.035125	0.0273846
0.035375	0.0275267
0.035625	0.0279209
0.035875	0.0279743
0.036125	0.027506
0.036375	0.028068
0.036625	0.0276475
0.036875	0.0275602
0.037125	0.0273379
0.037375	0.0280256
0.037625	0.027542
0.037875	0.0281044
0.038125	0.0284472
0.038375	0.0286869
0.038625	0.0281433
0.038875	0.0279977
0.039125	0.0283404
0.039375	0.0286909
0.039625	0.0284214
0.039875	0.0285347
0.040125	0.0283165
0.040375	0.0283065
0.040625	0.0285448
0.040875	0.0291109
0.041125	0.028612
0.041375	0.0288671
0.041625	0.028988
0.041875	0.0289248
0.042125	0.0292161
0.042375	0.0293872
0.042625	0.0291913
0.042875	0.029353
0.043125	0.0294932
0.043375	0.0293693
0.043625	0.0293046
0.043875	0.0297714
0.044125	0.0289381
0.044375	0.0296009
0.044625	0.0294284
0.044875	0.0294909
0.045125	0.0298357
0.045375	0.0292593
0.045625	0.0298207
0.045875	0.0302878
0.046125	0.0295865
0.046375	0.0302051
0.046625	0.0299176
0.046875	0.0298478
0.047125	0.0302969
0.047375	0.0308966
0.047625	0.0300136
0.047875	0.0299971
0.048125	0.0306784
0.048375	0.0303711
0.048625	0.0308918
0.048875	0.0305926
0.049125	0.0306973
0.049375	0.0304212
0.049625	0.0307006
0.049875	0.03108
0.050125	0.0304179
0.050375	0.030884
0.050625	0.0309976
0.050875	0.0310616
0.051125	0.0306611
0.051375	0.0312116
0.051625	0.0313096
0.051875	0.0312319
0.052125	0.0318125
0.052375	0.0314246
0.052625	0.0310678
0.052875	0.0317633
0.053125	0.0313235
0.053375	0.0316085
0.053625	0.03153
0.053875	0.031634
0.054125	0.0319076
0.054375	0.0315135
0.054625	0.0320014
0.054875	0.0320421
0.055125	0.0317486
0.055375	0.0321446
0.055625	0.032043
0.055875	0.0328436
0.056125	0.0322992
0.056375	0.0322292
0.056625	0.0321571
0.056875	0.0326216
0.057125	0.0325989
0.057375	0.0325839
0.057625	0.0327653
0.057875	0.0329073
0.058125	0.0329569
0.058375	0.0328087
0.058625	0.0329459
0.058875	0.032859
0.059125	0.0327628
0.059375	0.0331793
0.059625	0.0331085
0.059875	0.0328781
0.060125	0.0331943
0.060375	0.033472
0.060625	0.0328006
0.060875	0.0331809
0.061125	0.0332893
0.061375	0.0338259
0.061625	0.0334812
0.061875	0.0336808
0.062125	0.0335091
0.062375	0.0338537
0.062625	0.0337344
0.062875	0.0339467
0.063125	0.0340809
0.063375	0.0341561
0.063625	0.034412
0.063875	0.0342293
0.064125	0.0344262
0.064375	0.0343026
0.064625	0.0345749
0.064875	0.0340152
0.065125	0.0343843
0.065375	0.0344613
0.065625	0.0353258
0.065875	0.0350579
0.066125	0.0349059
0.066375	0.0345486
0.066625	0.0352826
0.066875	0.0345799
0.067125	0.0348857
0.067375	0.0351261
0.067625	0.0347074
0.067875	0.03498
0.068125	0.0357657
0.068375	0.0349596
0.068625	0.0355786
0.068875	0.0358976
0.069125	0.0358029
0.069375	0.0355134
0.069625	0.0351608
0.069875	0.0355322
0.070125	0.0357012
0.070375	0.03575
0.070625	0.0359868
0.070875	0.0360793
0.071125	0.0356825
0.071375	0.0358914
0.071625	0.0362287
0.071875	0.0359817
0.072125	0.0363149
0.072375	0.0365124
0.072625	0.0359308
0.072875	0.0365248
0.073125	0.0364979
0.073375	0.0368446
0.073625	0.0371416
0.073875	0.0367251
0.074125	0.0370808
0.074375	0.0366633
0.074625	0.0371989
0.074875	0.0367547
0.075125	0.0368577
0.075375	0.0373565
0.075625	0.0374259
0.075875	0.0370032
0.076125	0.0369996
0.076375	0.0375442
0.076625	0.037203
0.076875	0.0371271
0.077125	0.0378845
0.077375	0.0375541
0.077625	0.0381865
0.077875	0.0378841
0.078125	0.0377234
0.078375	0.0378648
0.078625	0.037916
0.078875	0.0380806
0.079125	0.0381962
0.079375	0.0383999
0.079625	0.038721
0.079875	0.0382738
0.080125	0.0385387
0.080375	0.0387462
0.080625	0.0384902
0.080875	0.0384086
0.081125	0.0384494
0.081375	0.0390543
0.081625	0.039047
0.081875	0.0391782
0.082125	0.039031
0.082375	0.0388907
0.082625	0.0388939
0.082875	0.0388666
0.083125	0.0394566
0.083375	0.0390502
0.083625	0.0393705
0.083875	0.0395898
0.084125	0.0395392
0.084375	0.0391426
0.084625	0.0399917
0.084875	0.0397878
0.085125	0.0400281
0.085375	0.0395109
0.085625	0.0399621
0.085875	0.0397879
0.086125	0.0403214
0.086375	0.0404087
0.086625	0.0403009
0.086875	0.0402227
0.087125	0.0402505
0.087375	0.0401676
0.087625	0.0404793
0.087875	0.0400698
0.088125	0.0402541
0.088375	0.0404534
0.088625	0.0399146
0.088875	0.0406396
0.089125	0.0404907
0.089375	0.0409051
0.089625	0.0405028
0.089875	0.0406825
0.090125	0.0407858
0.090375	0.0410182
0.090625	0.0416865
0.090875	0.0413515
0.091125	0.0414541
0.091375	0.0410807
0.091625	0.040857
0.091875	0.0414319
0.092125	0.0416996
0.092375	0.0412081
0.092625	0.0413633
0.092875	0.0412269
0.093125	0.0421791
0.093375	0.0416986
0.093625	0.0419505
0.093875	0.0423021
0.094125	0.0415306
0.094375	0.0422469
0.094625	0.0423381
0.094875	0.0421442
0.095125	0.0425465
0.095375	0.0420997
0.095625	0.0425472
0.095875	0.0425512
0.096125	0.0427169
0.096375	0.0428413
0.096625	0.0424573
0.096875	0.0423414
0.097125	0.0427189
0.097375	0.0429356
0.097625	0.0428896
0.097875	0.0427357
0.098125	0.0427575
0.098375	0.0432823
0.098625	0.0437407
0.098875	0.0428271
0.099125	0.0432498
0.099375	0.0432655
0.099625	0.0436142
