!k=p1-p2
T_R	N 
0.00025	0.00860398
0.00075	0.0171544
0.00125	0.0173276
0.00175	0.0176379
0.00225	0.0173642
0.00275	0.0171964
0.00325	0.0175233
0.00375	0.0172004
0.00425	0.0176501
0.00475	0.0179684
0.00525	0.0179279
0.00575	0.0186913
0.00625	0.0189125
0.00675	0.0188503
0.00725	0.0188357
0.00775	0.0191862
0.00825	0.0194173
0.00875	0.019623
0.00925	0.0200039
0.00975	0.0200528
0.01025	0.0206654
0.01075	0.0205921
0.01125	0.0212427
0.01175	0.0217458
0.01225	0.0215681
0.01275	0.0221333
0.01325	0.0221997
0.01375	0.0221781
0.01425	0.022791
0.01475	0.0235789
0.01525	0.0231551
0.01575	0.0239629
0.01625	0.0243725
0.01675	0.0245883
0.01725	0.0247107
0.01775	0.0254465
0.01825	0.0259268
0.01875	0.0262807
0.01925	0.0263106
0.01975	0.0271072
0.02025	0.0270991
0.02075	0.0275487
0.02125	0.0281854
0.02175	0.0283688
0.02225	0.0285601
0.02275	0.0290478
0.02325	0.0294335
0.02375	0.0300009
0.02425	0.0303419
0.02475	0.0309894
0.02525	0.0312294
0.02575	0.0316164
0.02625	0.0320644
0.02675	0.0324954
0.02725	0.0326844
0.02775	0.0332327
0.02825	0.0336166
0.02875	0.0342227
0.02925	0.0345787
0.02975	0.0349392
0.03025	0.035324
0.03075	0.0357779
0.03125	0.036278
0.03175	0.0365991
0.03225	0.0369637
0.03275	0.0375659
0.03325	0.0377954
0.03375	0.0384007
0.03425	0.0390021
0.03475	0.0393762
0.03525	0.0398648
0.03575	0.0403721
0.03625	0.0407095
0.03675	0.0409321
0.03725	0.0414319
0.03775	0.0420689
0.03825	0.042495
0.03875	0.0429635
0.03925	0.0431269
0.03975	0.0440404
0.04025	0.0444335
0.04075	0.0449395
0.04125	0.045146
0.04175	0.045695
0.04225	0.0461628
0.04275	0.0466791
0.04325	0.0471936
0.04375	0.0474314
0.04425	0.0480407
0.04475	0.0485113
0.04525	0.0490259
0.04575	0.0494707
0.04625	0.0498167
0.04675	0.050377
0.04725	0.0506486
0.04775	0.0514205
0.04825	0.0516528
0.04875	0.0521434
0.04925	0.0527108
0.04975	0.0531964
0.05025	0.0534582
0.05075	0.0540933
0.05125	0.0545966
0.05175	0.0550371
0.05225	0.055424
0.05275	0.0559247
0.05325	0.0565284
0.05375	0.0569416
0.05425	0.0573851
0.05475	0.0579625
0.05525	0.058393
0.05575	0.0587713
0.05625	0.0592069
0.05675	0.0597818
0.05725	0.060205
0.05775	0.0606717
0.05825	0.0613022
0.05875	0.0616259
0.05925	0.0621864
0.05975	0.0626479
0.06025	0.0631921
0.06075	0.0635901
0.06125	0.064055
0.06175	0.0645263
0.06225	0.0650757
0.06275	0.065478
0.06325	0.065962
0.06375	0.0664708
0.06425	0.0669799
0.06475	0.0674715
0.06525	0.0678709
0.06575	0.0681935
0.06625	0.0687422
0.06675	0.0693508
0.06725	0.0698563
0.06775	0.0703056
0.06825	0.0708726
0.06875	0.0712896
0.06925	0.071808
0.06975	0.0720807
0.07025	0.0726717
0.07075	0.0731333
0.07125	0.0737284
0.07175	0.0742488
0.07225	0.074648
0.07275	0.0750103
0.07325	0.0755656
0.07375	0.0760478
0.07425	0.0766302
0.07475	0.0770053
0.07525	0.0775916
0.07575	0.077924
0.07625	0.0785181
0.07675	0.0789351
0.07725	0.0795833
0.07775	0.0799142
0.07825	0.0805599
0.07875	0.0809557
0.07925	0.0814444
0.07975	0.0819058
0.08025	0.0824084
0.08075	0.0828012
0.08125	0.0833757
0.08175	0.0839254
0.08225	0.0843569
0.08275	0.0848479
0.08325	0.0853505
0.08375	0.0858581
0.08425	0.0862593
0.08475	0.0867104
0.08525	0.0873853
0.08575	0.0877499
0.08625	0.0882783
0.08675	0.0888671
0.08725	0.089279
0.08775	0.0896868
0.08825	0.0902576
0.08875	0.0907566
0.08925	0.0912772
0.08975	0.0917112
0.09025	0.0921821
0.09075	0.0926475
0.09125	0.0932315
0.09175	0.0936557
0.09225	0.0940606
0.09275	0.0945649
0.09325	0.095077
0.09375	0.0956826
0.09425	0.0961347
0.09475	0.0966748
0.09525	0.0970786
0.09575	0.0975942
0.09625	0.0980537
0.09675	0.0985475
0.09725	0.099086
0.09775	0.0996102
0.09825	0.100061
0.09875	0.100435
0.09925	0.101062
0.09975	0.101528
0.10025	0.102001
0.10075	0.102521
0.10125	0.102931
0.10175	0.10342
0.10225	0.104002
0.10275	0.104461
0.10325	0.104908
0.10375	0.1054
0.10425	0.105906
0.10475	0.10642
0.10525	0.10694
0.10575	0.107456
0.10625	0.107926
0.10675	0.108371
0.10725	0.108933
0.10775	0.109479
0.10825	0.109891
0.10875	0.110381
0.10925	0.110901
0.10975	0.11138
0.11025	0.111717
0.11075	0.112261
0.11125	0.112835
0.11175	0.113316
0.11225	0.113832
0.11275	0.114251
0.11325	0.114981
0.11375	0.115202
0.11425	0.115721
0.11475	0.116255
0.11525	0.116795
0.11575	0.117292
0.11625	0.117803
0.11675	0.118254
0.11725	0.118835
0.11775	0.119224
0.11825	0.119741
0.11875	0.12016
0.11925	0.120702
0.11975	0.121258
0.12025	0.121703
0.12075	0.122175
0.12125	0.122658
0.12175	0.123147
0.12225	0.123721
0.12275	0.124197
0.12325	0.124703
0.12375	0.125098
0.12425	0.125642
0.12475	0.126165
0.12525	0.126811
0.12575	0.127181
0.12625	0.127642
0.12675	0.128204
0.12725	0.128606
0.12775	0.129132
0.12825	0.129655
0.12875	0.130105
0.12925	0.130556
0.12975	0.131161
0.13025	0.131685
0.13075	0.132052
0.13125	0.132528
0.13175	0.133035
0.13225	0.133617
0.13275	0.1341
0.13325	0.134545
0.13375	0.135027
0.13425	0.135568
0.13475	0.136058
0.13525	0.136503
0.13575	0.136995
0.13625	0.137601
0.13675	0.138119
0.13725	0.138501
0.13775	0.139071
0.13825	0.139548
0.13875	0.14005
0.13925	0.140575
0.13975	0.141048
0.14025	0.141492
0.14075	0.141963
0.14125	0.142506
0.14175	0.143051
0.14225	0.143518
0.14275	0.144009
0.14325	0.144534
0.14375	0.144938
0.14425	0.145512
0.14475	0.145984
0.14525	0.14648
0.14575	0.147019
0.14625	0.147419
0.14675	0.147984
0.14725	0.148484
0.14775	0.148926
0.14825	0.149549
0.14875	0.150009
0.14925	0.15036
0.14975	0.150991
0.15025	0.15152
0.15075	0.152006
0.15125	0.152397
0.15175	0.152913
0.15225	0.153397
0.15275	0.153905
0.15325	0.154423
0.15375	0.154912
0.15425	0.155438
0.15475	0.155989
0.15525	0.156468
0.15575	0.156892
0.15625	0.157394
0.15675	0.157964
0.15725	0.158392
0.15775	0.158908
0.15825	0.159426
0.15875	0.159844
0.15925	0.160365
0.15975	0.160871
0.16025	0.161274
0.16075	0.161844
0.16125	0.162409
0.16175	0.162905
0.16225	0.163371
0.16275	0.163898
0.16325	0.164416
0.16375	0.164811
0.16425	0.165348
0.16475	0.165854
0.16525	0.16633
0.16575	0.166888
0.16625	0.167306
0.16675	0.167851
0.16725	0.168355
0.16775	0.168809
0.16825	0.169364
0.16875	0.169847
0.16925	0.170338
0.16975	0.170813
0.17025	0.171382
0.17075	0.171774
0.17125	0.172289
0.17175	0.172786
0.17225	0.173293
0.17275	0.173766
0.17325	0.174273
0.17375	0.174831
0.17425	0.17531
0.17475	0.17576
0.17525	0.176244
0.17575	0.176703
0.17625	0.177268
0.17675	0.177796
0.17725	0.178201
0.17775	0.178719
0.17825	0.179243
0.17875	0.179751
0.17925	0.180309
0.17975	0.1808
0.18025	0.181254
0.18075	0.181783
0.18125	0.182243
0.18175	0.182732
0.18225	0.183309
0.18275	0.183669
0.18325	0.18431
0.18375	0.184738
0.18425	0.185211
0.18475	0.185775
0.18525	0.186253
0.18575	0.186734
0.18625	0.187172
0.18675	0.187751
0.18725	0.188233
0.18775	0.188698
0.18825	0.189133
0.18875	0.189715
0.18925	0.190231
0.18975	0.190673
0.19025	0.191219
0.19075	0.191661
0.19125	0.192189
0.19175	0.19274
0.19225	0.193212
0.19275	0.193711
0.19325	0.194226
0.19375	0.194654
0.19425	0.195221
0.19475	0.195645
0.19525	0.196272
0.19575	0.196695
0.19625	0.197151
0.19675	0.197628
0.19725	0.198206
0.19775	0.198666
0.19825	0.199143
0.19875	0.199689
0.19925	0.200166
