!k=p1-p2
T_R	N 
0.00025	0.00862746
0.00075	0.016408
0.00125	0.0168701
0.00175	0.0165648
0.00225	0.0175879
0.00275	0.0171447
0.00325	0.017265
0.00375	0.0179185
0.00425	0.0174794
0.00475	0.0177203
0.00525	0.0179378
0.00575	0.0182303
0.00625	0.0178103
0.00675	0.0187521
0.00725	0.0187326
0.00775	0.0191565
0.00825	0.0191657
0.00875	0.0191748
0.00925	0.019566
0.00975	0.0200828
0.01025	0.0201504
0.01075	0.0206098
0.01125	0.0206323
0.01175	0.0213372
0.01225	0.0215111
0.01275	0.0218309
0.01325	0.0224485
0.01375	0.0224363
0.01425	0.0226444
0.01475	0.0228693
0.01525	0.0234948
0.01575	0.02369
0.01625	0.0238447
0.01675	0.0245223
0.01725	0.0247404
0.01775	0.0253759
0.01825	0.0257684
0.01875	0.0259016
0.01925	0.0263631
0.01975	0.026982
0.02025	0.0270327
0.02075	0.0273313
0.02125	0.0278843
0.02175	0.0285857
0.02225	0.0287681
0.02275	0.0287846
0.02325	0.0294455
0.02375	0.0293621
0.02425	0.0302985
0.02475	0.0304799
0.02525	0.0310195
0.02575	0.0315535
0.02625	0.032166
0.02675	0.0320964
0.02725	0.0326083
0.02775	0.0331253
0.02825	0.0335043
0.02875	0.03404
0.02925	0.0343661
0.02975	0.0348061
0.03025	0.035213
0.03075	0.0357184
0.03125	0.035816
0.03175	0.0364817
0.03225	0.0371012
0.03275	0.0377225
0.03325	0.0380559
0.03375	0.0385224
0.03425	0.0388225
0.03475	0.0392417
0.03525	0.0396415
0.03575	0.0400727
0.03625	0.0406363
0.03675	0.0410756
0.03725	0.0414599
0.03775	0.042074
0.03825	0.0423905
0.03875	0.0430437
0.03925	0.0433869
0.03975	0.0439153
0.04025	0.0442495
0.04075	0.0447234
0.04125	0.0451624
0.04175	0.0455131
0.04225	0.0460637
0.04275	0.0465462
0.04325	0.046883
0.04375	0.0474987
0.04425	0.0479746
0.04475	0.0484377
0.04525	0.0488712
0.04575	0.0494072
0.04625	0.0497344
0.04675	0.0503522
0.04725	0.0507345
0.04775	0.0511232
0.04825	0.0517407
0.04875	0.0520786
0.04925	0.0526471
0.04975	0.0531906
0.05025	0.0534372
0.05075	0.0540417
0.05125	0.054517
0.05175	0.0550329
0.05225	0.0555999
0.05275	0.0559743
0.05325	0.0564511
0.05375	0.056875
0.05425	0.0573694
0.05475	0.0579021
0.05525	0.0582749
0.05575	0.0587477
0.05625	0.0591562
0.05675	0.0596554
0.05725	0.0602086
0.05775	0.0606192
0.05825	0.0612121
0.05875	0.0616205
0.05925	0.0619659
0.05975	0.0626144
0.06025	0.0629939
0.06075	0.0634042
0.06125	0.0639707
0.06175	0.0643872
0.06225	0.0649881
0.06275	0.0654289
0.06325	0.0659517
0.06375	0.0662837
0.06425	0.0669554
0.06475	0.0673652
0.06525	0.0677864
0.06575	0.0683211
0.06625	0.0688745
0.06675	0.0693144
0.06725	0.0698464
0.06775	0.0703258
0.06825	0.0706768
0.06875	0.0713328
0.06925	0.0717144
0.06975	0.0721362
0.07025	0.0726296
0.07075	0.0731985
0.07125	0.0736743
0.07175	0.0741281
0.07225	0.0746325
0.07275	0.0750974
0.07325	0.0755608
0.07375	0.0760906
0.07425	0.0766408
0.07475	0.0769646
0.07525	0.0775022
0.07575	0.0779847
0.07625	0.0784969
0.07675	0.0790143
0.07725	0.0794957
0.07775	0.0799209
0.07825	0.0805092
0.07875	0.0808786
0.07925	0.0813733
0.07975	0.0819386
0.08025	0.0822834
0.08075	0.0828272
0.08125	0.0833444
0.08175	0.0838919
0.08225	0.084366
0.08275	0.0848485
0.08325	0.0853659
0.08375	0.0857542
0.08425	0.0863326
0.08475	0.0868041
0.08525	0.0873913
0.08575	0.0878228
0.08625	0.0882068
0.08675	0.088799
0.08725	0.0891331
0.08775	0.0897418
0.08825	0.0902571
0.08875	0.090653
0.08925	0.0911368
0.08975	0.0916387
0.09025	0.0921187
0.09075	0.0926043
0.09125	0.0930952
0.09175	0.0936774
0.09225	0.0940391
0.09275	0.0945724
0.09325	0.0951963
0.09375	0.095656
0.09425	0.0960588
0.09475	0.0965768
0.09525	0.0971231
0.09575	0.0976043
0.09625	0.0980498
0.09675	0.0985725
0.09725	0.0990707
0.09775	0.0995099
0.09825	0.100136
0.09875	0.100486
0.09925	0.100903
0.09975	0.101501
0.10025	0.101956
0.10075	0.102413
0.10125	0.102917
0.10175	0.103472
0.10225	0.103904
0.10275	0.104481
0.10325	0.104885
0.10375	0.105382
0.10425	0.105889
0.10475	0.106401
0.10525	0.106939
0.10575	0.10738
0.10625	0.107908
0.10675	0.108369
0.10725	0.108907
0.10775	0.109348
0.10825	0.109821
0.10875	0.11031
0.10925	0.110856
0.10975	0.11127
0.11025	0.111864
0.11075	0.112288
0.11125	0.112765
0.11175	0.11335
0.11225	0.113807
0.11275	0.114347
0.11325	0.114791
0.11375	0.11524
0.11425	0.115755
0.11475	0.116255
0.11525	0.116828
0.11575	0.117239
0.11625	0.117811
0.11675	0.118221
0.11725	0.11871
0.11775	0.119225
0.11825	0.119796
0.11875	0.120203
0.11925	0.120693
0.11975	0.121244
0.12025	0.121731
0.12075	0.122189
0.12125	0.122752
0.12175	0.123259
0.12225	0.123666
0.12275	0.124088
0.12325	0.124717
0.12375	0.125188
0.12425	0.125628
0.12475	0.126117
0.12525	0.12669
0.12575	0.127117
0.12625	0.127669
0.12675	0.128174
0.12725	0.12861
0.12775	0.129191
0.12825	0.12955
0.12875	0.13011
0.12925	0.130657
0.12975	0.131146
0.13025	0.131579
0.13075	0.132115
0.13125	0.132624
0.13175	0.133092
0.13225	0.133578
0.13275	0.134125
0.13325	0.134601
0.13375	0.135059
0.13425	0.135641
0.13475	0.136119
0.13525	0.136552
0.13575	0.137102
0.13625	0.13754
0.13675	0.138034
0.13725	0.138575
0.13775	0.139033
0.13825	0.139523
0.13875	0.140023
0.13925	0.140522
0.13975	0.141016
0.14025	0.141511
0.14075	0.142056
0.14125	0.142487
0.14175	0.14303
0.14225	0.143481
0.14275	0.144021
0.14325	0.144449
0.14375	0.145037
0.14425	0.145504
0.14475	0.146056
0.14525	0.146444
0.14575	0.147022
0.14625	0.147408
0.14675	0.147996
0.14725	0.148502
0.14775	0.148934
0.14825	0.149392
0.14875	0.149964
0.14925	0.150415
0.14975	0.15095
0.15025	0.151421
0.15075	0.151916
0.15125	0.152472
0.15175	0.152932
0.15225	0.153373
0.15275	0.153912
0.15325	0.154398
0.15375	0.154904
0.15425	0.155349
0.15475	0.15592
0.15525	0.156417
0.15575	0.156966
0.15625	0.15738
0.15675	0.157911
0.15725	0.158385
0.15775	0.158935
0.15825	0.159426
0.15875	0.159917
0.15925	0.160368
0.15975	0.160882
0.16025	0.161313
0.16075	0.161858
0.16125	0.162347
0.16175	0.162834
0.16225	0.163382
0.16275	0.163886
0.16325	0.164417
0.16375	0.164835
0.16425	0.165348
0.16475	0.165842
0.16525	0.166329
0.16575	0.166882
0.16625	0.167308
0.16675	0.167816
0.16725	0.168345
0.16775	0.168828
0.16825	0.169339
0.16875	0.169863
0.16925	0.17035
0.16975	0.170835
0.17025	0.171349
0.17075	0.171835
0.17125	0.17231
0.17175	0.172808
0.17225	0.173316
0.17275	0.17378
0.17325	0.174324
0.17375	0.17484
0.17425	0.175317
0.17475	0.175807
0.17525	0.176304
0.17575	0.176775
0.17625	0.177278
0.17675	0.177795
0.17725	0.178295
0.17775	0.178805
0.17825	0.179319
0.17875	0.179816
0.17925	0.180296
0.17975	0.180767
0.18025	0.181298
0.18075	0.181751
0.18125	0.182242
0.18175	0.182731
0.18225	0.183258
0.18275	0.183712
0.18325	0.184247
0.18375	0.184749
0.18425	0.185254
0.18475	0.185742
0.18525	0.186266
0.18575	0.186761
0.18625	0.187244
0.18675	0.187754
0.18725	0.188227
0.18775	0.18871
0.18825	0.189275
0.18875	0.189748
0.18925	0.190252
0.18975	0.190694
0.19025	0.191232
0.19075	0.191725
0.19125	0.192257
0.19175	0.192748
0.19225	0.1932
0.19275	0.193719
0.19325	0.194187
0.19375	0.194682
0.19425	0.1952
0.19475	0.195748
0.19525	0.196204
0.19575	0.196692
0.19625	0.19718
0.19675	0.197713
0.19725	0.198175
0.19775	0.198696
0.19825	0.199258
0.19875	0.199652
0.19925	0.200162
