!k=p1-p2
T_R	N 
0.00025	0.0222435
0.00075	0.0226474
0.00125	0.0234582
0.00175	0.0229006
0.00225	0.0228878
0.00275	0.0236104
0.00325	0.0229824
0.00375	0.0224469
0.00425	0.0226538
0.00475	0.0231075
0.00525	0.0231137
0.00575	0.0229024
0.00625	0.023287
0.00675	0.0230505
0.00725	0.0231936
0.00775	0.022992
0.00825	0.0228897
0.00875	0.0231638
0.00925	0.0236896
0.00975	0.0239569
0.01025	0.0235613
0.01075	0.0236788
0.01125	0.0233925
0.01175	0.0232986
0.01225	0.0235693
0.01275	0.0236592
0.01325	0.0237561
0.01375	0.0236833
0.01425	0.0236317
0.01475	0.0240686
0.01525	0.0238091
0.01575	0.0244341
0.01625	0.0234674
0.01675	0.0241515
0.01725	0.0240238
0.01775	0.0242827
0.01825	0.0242527
0.01875	0.0245299
0.01925	0.0243471
0.01975	0.0244674
0.02025	0.0247016
0.02075	0.0247987
0.02125	0.0242822
0.02175	0.0255635
0.02225	0.0249624
0.02275	0.0255354
0.02325	0.0255141
0.02375	0.0249009
0.02425	0.0256773
0.02475	0.0256221
0.02525	0.0255699
0.02575	0.0254119
0.02625	0.026097
0.02675	0.0256543
0.02725	0.0259402
0.02775	0.0262606
0.02825	0.0259441
0.02875	0.0261818
0.02925	0.0269018
0.02975	0.0269428
0.03025	0.0270303
0.03075	0.0265494
0.03125	0.0266242
0.03175	0.0269834
0.03225	0.0278047
0.03275	0.0269636
0.03325	0.0274587
0.03375	0.0275364
0.03425	0.027527
0.03475	0.0278543
0.03525	0.0277498
0.03575	0.0278594
0.03625	0.0281167
0.03675	0.0283742
0.03725	0.0281795
0.03775	0.0284176
0.03825	0.0282835
0.03875	0.0282625
0.03925	0.0286267
0.03975	0.0283783
0.04025	0.028726
0.04075	0.0296606
0.04125	0.0296866
0.04175	0.0293057
0.04225	0.0293468
0.04275	0.0301266
0.04325	0.0298614
0.04375	0.0300989
0.04425	0.029114
0.04475	0.0299273
0.04525	0.0292543
0.04575	0.0303104
0.04625	0.0306369
0.04675	0.0311608
0.04725	0.0305661
0.04775	0.030808
0.04825	0.0310465
0.04875	0.0309638
0.04925	0.0306585
0.04975	0.0313632
0.05025	0.0313595
0.05075	0.0319107
0.05125	0.0315265
0.05175	0.0320535
0.05225	0.0323561
0.05275	0.0324162
0.05325	0.0320751
0.05375	0.0323746
0.05425	0.0324305
0.05475	0.032641
0.05525	0.0335809
0.05575	0.0320184
0.05625	0.0332963
0.05675	0.0328643
0.05725	0.0333865
0.05775	0.0337561
0.05825	0.0337715
0.05875	0.0330453
0.05925	0.0342442
0.05975	0.0338992
0.06025	0.0344971
0.06075	0.0343156
0.06125	0.0340033
0.06175	0.0343182
0.06225	0.0348046
0.06275	0.0351405
0.06325	0.0345789
0.06375	0.0355173
0.06425	0.0353934
0.06475	0.0349027
0.06525	0.0354925
0.06575	0.0357399
0.06625	0.036175
0.06675	0.0361879
0.06725	0.0357624
0.06775	0.036551
0.06825	0.0362974
0.06875	0.0369425
0.06925	0.0367403
0.06975	0.0366607
0.07025	0.0369032
0.07075	0.0369688
0.07125	0.037344
0.07175	0.0375825
0.07225	0.0378841
0.07275	0.037641
0.07325	0.0380879
0.07375	0.0376855
0.07425	0.0383594
0.07475	0.0379589
0.07525	0.0385924
0.07575	0.0389047
0.07625	0.03868
0.07675	0.0390865
0.07725	0.0390056
0.07775	0.0387577
0.07825	0.0394364
0.07875	0.0386239
0.07925	0.039753
0.07975	0.0391545
0.08025	0.0394839
0.08075	0.0395082
0.08125	0.0400555
0.08175	0.0401562
0.08225	0.0408194
0.08275	0.0407242
0.08325	0.0406935
0.08375	0.0407117
0.08425	0.0411861
0.08475	0.0409351
0.08525	0.0414882
0.08575	0.0417259
0.08625	0.0411683
0.08675	0.0416417
0.08725	0.0424283
0.08775	0.0415916
0.08825	0.0425845
0.08875	0.0425713
0.08925	0.043269
0.08975	0.0432762
0.09025	0.0431555
0.09075	0.0423164
0.09125	0.0437313
0.09175	0.0432543
0.09225	0.0429215
0.09275	0.0431356
0.09325	0.0435567
0.09375	0.0437645
0.09425	0.0442362
0.09475	0.0437731
0.09525	0.0445611
0.09575	0.0440761
0.09625	0.0445735
0.09675	0.0447977
0.09725	0.0446053
0.09775	0.0453707
0.09825	0.0450145
0.09875	0.0453042
0.09925	0.0456681
0.09975	0.0451161
0.10025	0.0455562
0.10075	0.0459566
0.10125	0.046058
0.10175	0.0462003
0.10225	0.046614
0.10275	0.0469431
0.10325	0.0462307
0.10375	0.0471105
0.10425	0.046676
0.10475	0.0476302
0.10525	0.0474228
0.10575	0.0472668
0.10625	0.0475895
0.10675	0.0476462
0.10725	0.0472856
0.10775	0.047835
0.10825	0.0477055
0.10875	0.0481562
0.10925	0.0487178
0.10975	0.0489848
0.11025	0.0483741
0.11075	0.0496069
0.11125	0.0484956
0.11175	0.0502118
0.11225	0.0487698
0.11275	0.0494325
0.11325	0.0494947
0.11375	0.0496207
0.11425	0.0506052
0.11475	0.0498049
0.11525	0.0496378
0.11575	0.049571
0.11625	0.0499852
0.11675	0.0505195
0.11725	0.0511314
0.11775	0.0507953
0.11825	0.0511163
0.11875	0.0511426
0.11925	0.0516922
0.11975	0.0510295
0.12025	0.0512456
0.12075	0.0517274
0.12125	0.0516489
0.12175	0.0526984
0.12225	0.0526151
0.12275	0.0523403
0.12325	0.0527014
0.12375	0.0531409
0.12425	0.0535997
0.12475	0.053462
0.12525	0.0535295
0.12575	0.0528644
0.12625	0.0535709
0.12675	0.0546568
0.12725	0.0537467
0.12775	0.0530475
0.12825	0.0540613
0.12875	0.0540874
0.12925	0.054231
0.12975	0.0540409
0.13025	0.0545183
0.13075	0.0541805
0.13125	0.0543426
0.13175	0.0547029
0.13225	0.054519
0.13275	0.0549484
0.13325	0.0562032
0.13375	0.0556275
0.13425	0.0555261
0.13475	0.0551218
0.13525	0.0550199
0.13575	0.0552175
0.13625	0.056811
0.13675	0.0562807
0.13725	0.0571632
0.13775	0.0563697
0.13825	0.0569444
0.13875	0.0565731
0.13925	0.0569811
0.13975	0.0570784
0.14025	0.0570795
0.14075	0.0575587
0.14125	0.0579633
0.14175	0.0570956
0.14225	0.0581794
0.14275	0.0583345
0.14325	0.0589101
0.14375	0.0583047
0.14425	0.0590553
0.14475	0.0585243
0.14525	0.0595499
0.14575	0.0592782
0.14625	0.0584607
0.14675	0.0590609
0.14725	0.0591398
0.14775	0.0587449
0.14825	0.0592676
0.14875	0.0595222
0.14925	0.0592854
0.14975	0.059388
0.15025	0.059984
0.15075	0.0596347
0.15125	0.0609732
0.15175	0.0603481
0.15225	0.0611298
0.15275	0.061595
0.15325	0.0612908
0.15375	0.0614517
0.15425	0.0618089
0.15475	0.0617472
0.15525	0.0625735
0.15575	0.0621763
0.15625	0.0613869
0.15675	0.0619089
0.15725	0.0617608
0.15775	0.0627236
0.15825	0.0621008
0.15875	0.0616688
0.15925	0.0636902
0.15975	0.0620327
0.16025	0.0642139
0.16075	0.0631353
0.16125	0.064394
0.16175	0.0632205
0.16225	0.0642355
0.16275	0.0646089
0.16325	0.0646167
0.16375	0.0637457
0.16425	0.0650724
0.16475	0.0643725
0.16525	0.0637021
0.16575	0.0653873
0.16625	0.064099
0.16675	0.0648438
0.16725	0.0644504
0.16775	0.0653211
0.16825	0.0656988
0.16875	0.0668102
0.16925	0.0656718
0.16975	0.0657629
0.17025	0.0657698
0.17075	0.0644719
0.17125	0.0652471
0.17175	0.0675673
0.17225	0.0674357
0.17275	0.0669287
0.17325	0.0669625
0.17375	0.0675389
0.17425	0.0658608
0.17475	0.0681225
0.17525	0.0675794
0.17575	0.0669278
0.17625	0.0664855
0.17675	0.0682532
0.17725	0.0671246
0.17775	0.0685164
0.17825	0.0684715
0.17875	0.0686648
0.17925	0.0673393
0.17975	0.0680824
0.18025	0.0680315
0.18075	0.0685466
0.18125	0.070314
0.18175	0.0694695
0.18225	0.0689506
0.18275	0.0698863
0.18325	0.0694481
0.18375	0.0696185
0.18425	0.0692628
0.18475	0.0706985
0.18525	0.0703206
0.18575	0.0714006
0.18625	0.0704143
0.18675	0.0694268
0.18725	0.069092
0.18775	0.0712547
0.18825	0.0712288
0.18875	0.0708726
0.18925	0.0711336
0.18975	0.0712542
0.19025	0.0718927
0.19075	0.071391
0.19125	0.0710718
0.19175	0.0729172
0.19225	0.0704102
0.19275	0.0716444
0.19325	0.0720207
0.19375	0.0723345
0.19425	0.0706938
0.19475	0.0723918
0.19525	0.071663
0.19575	0.0735892
0.19625	0.0720022
0.19675	0.0738731
0.19725	0.0749481
0.19775	0.0733303
0.19825	0.0737061
0.19875	0.0739583
0.19925	0.0755117
