!k=p1-p2
T_R	N 
0.00025	0.0170095
0.00075	0.016976
0.00125	0.0166541
0.00175	0.017241
0.00225	0.0169078
0.00275	0.0173443
0.00325	0.0177088
0.00375	0.0176575
0.00425	0.0179828
0.00475	0.0181851
0.00525	0.0178209
0.00575	0.0176743
0.00625	0.0191987
0.00675	0.0180828
0.00725	0.0188793
0.00775	0.0190575
0.00825	0.0192022
0.00875	0.0195207
0.00925	0.0197213
0.00975	0.0200553
0.01025	0.0208732
0.01075	0.0205181
0.01125	0.0208963
0.01175	0.02098
0.01225	0.021383
0.01275	0.0217609
0.01325	0.0220802
0.01375	0.0221083
0.01425	0.0228593
0.01475	0.0233273
0.01525	0.0236828
0.01575	0.0235867
0.01625	0.0239895
0.01675	0.024509
0.01725	0.0248759
0.01775	0.0252674
0.01825	0.0254148
0.01875	0.0257883
0.01925	0.0264957
0.01975	0.0265788
0.02025	0.0272434
0.02075	0.0272705
0.02125	0.0280094
0.02175	0.0285313
0.02225	0.0286944
0.02275	0.0290555
0.02325	0.0296231
0.02375	0.0300746
0.02425	0.0300351
0.02475	0.0303699
0.02525	0.0312062
0.02575	0.0313616
0.02625	0.0321113
0.02675	0.0323983
0.02725	0.032678
0.02775	0.0331834
0.02825	0.0336409
0.02875	0.0340313
0.02925	0.0346546
0.02975	0.0348566
0.03025	0.0354996
0.03075	0.0358396
0.03125	0.036188
0.03175	0.0364979
0.03225	0.0372261
0.03275	0.0373234
0.03325	0.0378484
0.03375	0.0385971
0.03425	0.0387932
0.03475	0.0394081
0.03525	0.0396272
0.03575	0.0401542
0.03625	0.0404527
0.03675	0.0411292
0.03725	0.0415984
0.03775	0.0422694
0.03825	0.0424151
0.03875	0.0428443
0.03925	0.0432508
0.03975	0.0438373
0.04025	0.0443223
0.04075	0.0446739
0.04125	0.0452279
0.04175	0.0455488
0.04225	0.0461545
0.04275	0.0466168
0.04325	0.0469117
0.04375	0.0476337
0.04425	0.0480631
0.04475	0.0485041
0.04525	0.0490174
0.04575	0.0494159
0.04625	0.0498114
0.04675	0.0503128
0.04725	0.0505848
0.04775	0.0510953
0.04825	0.0517788
0.04875	0.0522358
0.04925	0.0525057
0.04975	0.0530916
0.05025	0.0534182
0.05075	0.0541263
0.05125	0.0543765
0.05175	0.0551276
0.05225	0.055412
0.05275	0.0559365
0.05325	0.0564287
0.05375	0.0570149
0.05425	0.0572739
0.05475	0.0578423
0.05525	0.0582017
0.05575	0.0584988
0.05625	0.059354
0.05675	0.0594801
0.05725	0.0601135
0.05775	0.0606905
0.05825	0.0611391
0.05875	0.0615496
0.05925	0.0622569
0.05975	0.0625784
0.06025	0.0631368
0.06075	0.0635835
0.06125	0.0638221
0.06175	0.0642966
0.06225	0.064865
0.06275	0.0654822
0.06325	0.0659103
0.06375	0.0664206
0.06425	0.0670089
0.06475	0.0673816
0.06525	0.0679128
0.06575	0.0681743
0.06625	0.0688744
0.06675	0.0692073
0.06725	0.0697914
0.06775	0.0702822
0.06825	0.0706167
0.06875	0.0712323
0.06925	0.0717431
0.06975	0.0722339
0.07025	0.0727134
0.07075	0.0732695
0.07125	0.0737468
0.07175	0.0740737
0.07225	0.0746307
0.07275	0.0751668
0.07325	0.075707
0.07375	0.0760042
0.07425	0.0765815
0.07475	0.0771845
0.07525	0.0774913
0.07575	0.0778918
0.07625	0.0785556
0.07675	0.0790396
0.07725	0.0794043
0.07775	0.0800484
0.07825	0.0803079
0.07875	0.0810583
0.07925	0.0813899
0.07975	0.0820052
0.08025	0.0823844
0.08075	0.0829284
0.08125	0.0834323
0.08175	0.0837664
0.08225	0.084349
0.08275	0.0849125
0.08325	0.0852425
0.08375	0.0857867
0.08425	0.0862402
0.08475	0.0868698
0.08525	0.0873045
0.08575	0.0877545
0.08625	0.0883066
0.08675	0.0887763
0.08725	0.0892481
0.08775	0.0896724
0.08825	0.0902208
0.08875	0.0907622
0.08925	0.091241
0.08975	0.0916701
0.09025	0.0922423
0.09075	0.0926701
0.09125	0.0930503
0.09175	0.0935962
0.09225	0.0940026
0.09275	0.0946407
0.09325	0.0951906
0.09375	0.0955805
0.09425	0.0960484
0.09475	0.0966695
0.09525	0.0971403
0.09575	0.0975287
0.09625	0.097961
0.09675	0.0984986
0.09725	0.0990039
0.09775	0.0995696
0.09825	0.100088
0.09875	0.100491
0.09925	0.101047
0.09975	0.101533
0.10025	0.101899
0.10075	0.102583
0.10125	0.102981
0.10175	0.1035
0.10225	0.103937
0.10275	0.104507
0.10325	0.104936
0.10375	0.105419
0.10425	0.105887
0.10475	0.106478
0.10525	0.106933
0.10575	0.10744
0.10625	0.108014
0.10675	0.108374
0.10725	0.108999
0.10775	0.10942
0.10825	0.109877
0.10875	0.110328
0.10925	0.110739
0.10975	0.111362
0.11025	0.111885
0.11075	0.112352
0.11125	0.112817
0.11175	0.113364
0.11225	0.11384
0.11275	0.114265
0.11325	0.114839
0.11375	0.115192
0.11425	0.115766
0.11475	0.116309
0.11525	0.116797
0.11575	0.117347
0.11625	0.117802
0.11675	0.11827
0.11725	0.118707
0.11775	0.119242
0.11825	0.119786
0.11875	0.120357
0.11925	0.120835
0.11975	0.121235
0.12025	0.121795
0.12075	0.122251
0.12125	0.122665
0.12175	0.123264
0.12225	0.123694
0.12275	0.124239
0.12325	0.124576
0.12375	0.125223
0.12425	0.125737
0.12475	0.126078
0.12525	0.126684
0.12575	0.12706
0.12625	0.127605
0.12675	0.128052
0.12725	0.128561
0.12775	0.12918
0.12825	0.129681
0.12875	0.130118
0.12925	0.130671
0.12975	0.131155
0.13025	0.131659
0.13075	0.13213
0.13125	0.13263
0.13175	0.133122
0.13225	0.133574
0.13275	0.134143
0.13325	0.134528
0.13375	0.135101
0.13425	0.135562
0.13475	0.136147
0.13525	0.136589
0.13575	0.13699
0.13625	0.137616
0.13675	0.138034
0.13725	0.138598
0.13775	0.139054
0.13825	0.139558
0.13875	0.14005
0.13925	0.140506
0.13975	0.140974
0.14025	0.141563
0.14075	0.142012
0.14125	0.142459
0.14175	0.143038
0.14225	0.14353
0.14275	0.143971
0.14325	0.144564
0.14375	0.145071
0.14425	0.145544
0.14475	0.146064
0.14525	0.146586
0.14575	0.147
0.14625	0.147578
0.14675	0.147997
0.14725	0.148473
0.14775	0.148955
0.14825	0.14949
0.14875	0.15001
0.14925	0.150492
0.14975	0.15093
0.15025	0.151449
0.15075	0.151987
0.15125	0.152472
0.15175	0.152926
0.15225	0.153498
0.15275	0.153875
0.15325	0.154425
0.15375	0.154915
0.15425	0.155432
0.15475	0.155892
0.15525	0.156409
0.15575	0.156914
0.15625	0.157411
0.15675	0.157852
0.15725	0.158374
0.15775	0.158893
0.15825	0.159385
0.15875	0.159939
0.15925	0.160411
0.15975	0.160868
0.16025	0.161382
0.16075	0.161933
0.16125	0.162364
0.16175	0.162884
0.16225	0.163346
0.16275	0.163924
0.16325	0.164407
0.16375	0.164848
0.16425	0.165321
0.16475	0.165874
0.16525	0.166369
0.16575	0.166893
0.16625	0.167331
0.16675	0.167802
0.16725	0.168328
0.16775	0.168902
0.16825	0.169386
0.16875	0.169816
0.16925	0.1703
0.16975	0.170831
0.17025	0.171353
0.17075	0.171732
0.17125	0.172293
0.17175	0.172843
0.17225	0.173291
0.17275	0.173872
0.17325	0.174302
0.17375	0.174806
0.17425	0.175299
0.17475	0.175764
0.17525	0.176317
0.17575	0.176745
0.17625	0.177209
0.17675	0.177751
0.17725	0.178335
0.17775	0.178774
0.17825	0.179367
0.17875	0.179775
0.17925	0.180313
0.17975	0.18074
0.18025	0.181318
0.18075	0.181767
0.18125	0.18228
0.18175	0.182758
0.18225	0.183258
0.18275	0.183704
0.18325	0.184255
0.18375	0.184722
0.18425	0.185229
0.18475	0.185754
0.18525	0.186224
0.18575	0.186753
0.18625	0.187281
0.18675	0.187699
0.18725	0.18824
0.18775	0.188674
0.18825	0.189205
0.18875	0.189698
0.18925	0.190209
0.18975	0.190744
0.19025	0.191174
0.19075	0.191747
0.19125	0.192226
0.19175	0.192689
0.19225	0.193244
0.19275	0.19373
0.19325	0.194214
0.19375	0.194719
0.19425	0.195173
0.19475	0.195711
0.19525	0.196176
0.19575	0.196677
0.19625	0.197184
0.19675	0.197705
0.19725	0.198161
0.19775	0.198738
0.19825	0.199218
0.19875	0.199667
0.19925	0.200174
