!k=p1-p2
T_R	N 
0.00025	0.0179883
0.00075	0.0205159
0.00125	0.0269175
0.00175	0.0231081
0.00225	0.0199937
0.00275	0.0201783
0.00325	0.0175062
0.00375	0.0180008
0.00425	0.0201249
0.00475	0.0222902
0.00525	0.0247542
0.00575	0.0273945
0.00625	0.00989605
0.00675	0.0263436
0.00725	0.0224734
0.00775	0.022174
0.00825	0.0220888
0.00875	0.0223541
0.00925	0.0217652
0.00975	0.0242012
0.01025	0.0197522
0.01075	0.0221963
0.01125	0.023861
0.01175	0.0249513
0.01225	0.0287141
0.01275	0.0240034
0.01325	0.0273295
0.01375	0.024171
0.01425	0.0206669
0.01475	0.0284446
0.01525	0.0276409
0.01575	0.0275215
0.01625	0.0205503
0.01675	0.0230595
0.01725	0.0305581
0.01775	0.0287926
0.01825	0.0303049
0.01875	0.0210026
0.01925	0.0365625
0.01975	0.0273969
0.02025	0.0269249
0.02075	0.0292886
0.02125	0.0278652
0.02175	0.0253534
0.02225	0.0298404
0.02275	0.0312964
0.02325	0.0345253
0.02375	0.028905
0.02425	0.0323552
0.02475	0.0332782
0.02525	0.0367417
0.02575	0.0308884
0.02625	0.0355993
0.02675	0.0345561
0.02725	0.0340484
0.02775	0.0353043
0.02825	0.0350369
0.02875	0.0340495
0.02925	0.0368634
0.02975	0.0368116
0.03025	0.0352156
0.03075	0.0404449
0.03125	0.039557
0.03175	0.0379144
0.03225	0.0378559
0.03275	0.0418161
0.03325	0.0367996
0.03375	0.0418544
0.03425	0.0393329
0.03475	0.0405089
0.03525	0.0421512
0.03575	0.0430662
0.03625	0.0491613
0.03675	0.03881
0.03725	0.0440789
0.03775	0.0427264
0.03825	0.0441071
0.03875	0.0403066
0.03925	0.042808
0.03975	0.0452708
0.04025	0.0456333
0.04075	0.0438287
0.04125	0.0477162
0.04175	0.0471659
0.04225	0.0486745
0.04275	0.0475524
0.04325	0.0507659
0.04375	0.048985
0.04425	0.0489322
0.04475	0.0459749
0.04525	0.0492862
0.04575	0.0492827
0.04625	0.0495465
0.04675	0.0518994
0.04725	0.0531276
0.04775	0.0542333
0.04825	0.0509993
0.04875	0.0514498
0.04925	0.0541095
0.04975	0.0508535
0.05025	0.0561381
0.05075	0.0565425
0.05125	0.052256
0.05175	0.0530803
0.05225	0.0580672
0.05275	0.0626678
0.05325	0.0570213
0.05375	0.0575905
0.05425	0.0575994
0.05475	0.0587683
0.05525	0.0607461
0.05575	0.0591118
0.05625	0.0602294
0.05675	0.0589711
0.05725	0.0601738
0.05775	0.060445
0.05825	0.0618669
0.05875	0.064245
0.05925	0.062063
0.05975	0.0644215
0.06025	0.0634993
0.06075	0.063994
0.06125	0.0637658
0.06175	0.0649086
0.06225	0.0659886
0.06275	0.0678723
0.06325	0.0671936
0.06375	0.0684531
0.06425	0.0680847
0.06475	0.0679975
0.06525	0.0685033
0.06575	0.0679373
0.06625	0.0690777
0.06675	0.0694543
0.06725	0.070434
0.06775	0.0710289
0.06825	0.072298
0.06875	0.0725381
0.06925	0.0737399
0.06975	0.0715102
0.07025	0.073633
0.07075	0.0715398
0.07125	0.0762913
0.07175	0.0747137
0.07225	0.0727586
0.07275	0.0747685
0.07325	0.0765324
0.07375	0.0758626
0.07425	0.0781286
0.07475	0.0771582
0.07525	0.0787491
0.07575	0.0785255
0.07625	0.0789507
0.07675	0.0804036
0.07725	0.0799198
0.07775	0.0801072
0.07825	0.0796436
0.07875	0.082885
0.07925	0.0823964
0.07975	0.0819892
0.08025	0.0827253
0.08075	0.0843908
0.08125	0.0833245
0.08175	0.0850604
0.08225	0.0848904
0.08275	0.0852595
0.08325	0.0863765
0.08375	0.0878483
0.08425	0.086679
0.08475	0.0877003
0.08525	0.0869744
0.08575	0.0891554
0.08625	0.0902345
0.08675	0.0901245
0.08725	0.0911044
0.08775	0.0892487
0.08825	0.0911757
0.08875	0.0915426
0.08925	0.0927105
0.08975	0.0935269
0.09025	0.0902207
0.09075	0.0929851
0.09125	0.0949491
0.09175	0.0951717
0.09225	0.09572
0.09275	0.0967971
0.09325	0.0950174
0.09375	0.096
0.09425	0.0961245
0.09475	0.0977776
0.09525	0.0976257
0.09575	0.098015
0.09625	0.0991382
0.09675	0.0978257
0.09725	0.0995995
0.09775	0.102584
0.09825	0.0996971
0.09875	0.0992533
0.09925	0.10123
0.09975	0.101964
0.10025	0.102334
0.10075	0.103333
0.10125	0.104436
0.10175	0.104728
0.10225	0.104318
0.10275	0.105151
0.10325	0.105447
0.10375	0.107155
0.10425	0.106059
0.10475	0.106511
0.10525	0.107564
0.10575	0.106092
0.10625	0.107884
0.10675	0.108865
0.10725	0.109484
0.10775	0.109861
0.10825	0.111818
0.10875	0.110022
0.10925	0.111358
0.10975	0.112619
0.11025	0.113112
0.11075	0.11314
0.11125	0.1134
0.11175	0.115409
0.11225	0.114782
0.11275	0.113937
0.11325	0.114433
0.11375	0.115875
0.11425	0.115297
0.11475	0.118081
0.11525	0.11659
0.11575	0.118096
0.11625	0.118395
0.11675	0.119032
0.11725	0.118805
0.11775	0.119866
0.11825	0.119119
0.11875	0.120238
0.11925	0.122179
0.11975	0.121145
0.12025	0.121603
0.12075	0.123401
0.12125	0.123635
0.12175	0.123782
0.12225	0.124934
0.12275	0.12391
0.12325	0.125531
0.12375	0.125726
0.12425	0.12658
0.12475	0.125958
0.12525	0.127084
0.12575	0.127654
0.12625	0.127532
0.12675	0.127888
0.12725	0.128782
0.12775	0.131779
0.12825	0.1287
0.12875	0.130794
0.12925	0.132024
0.12975	0.131485
0.13025	0.13398
0.13075	0.13258
0.13125	0.132886
0.13175	0.133102
0.13225	0.133766
0.13275	0.135523
0.13325	0.13484
0.13375	0.135454
0.13425	0.135287
0.13475	0.136245
0.13525	0.136113
0.13575	0.137491
0.13625	0.138011
0.13675	0.138154
0.13725	0.139702
0.13775	0.139619
0.13825	0.139283
0.13875	0.140599
0.13925	0.140575
0.13975	0.141714
0.14025	0.141004
0.14075	0.143013
0.14125	0.141603
0.14175	0.142724
0.14225	0.144696
0.14275	0.144064
0.14325	0.144646
0.14375	0.145676
0.14425	0.1459
0.14475	0.14587
0.14525	0.146775
0.14575	0.147106
0.14625	0.149114
0.14675	0.148266
0.14725	0.147288
0.14775	0.148499
0.14825	0.149906
0.14875	0.149926
0.14925	0.151334
0.14975	0.150602
0.15025	0.153012
0.15075	0.152997
0.15125	0.153228
0.15175	0.152658
0.15225	0.153975
0.15275	0.154321
0.15325	0.154554
0.15375	0.154988
0.15425	0.156294
0.15475	0.156401
0.15525	0.158676
0.15575	0.156933
0.15625	0.157033
0.15675	0.158235
0.15725	0.157747
0.15775	0.15905
0.15825	0.159602
0.15875	0.160133
0.15925	0.160315
0.15975	0.160928
0.16025	0.162279
0.16075	0.161833
0.16125	0.162611
0.16175	0.16291
0.16225	0.16408
0.16275	0.164028
0.16325	0.165221
0.16375	0.166068
0.16425	0.166251
0.16475	0.166125
0.16525	0.166573
0.16575	0.166308
0.16625	0.167643
0.16675	0.167278
0.16725	0.168301
0.16775	0.168849
0.16825	0.169508
0.16875	0.169988
0.16925	0.170825
0.16975	0.170713
0.17025	0.17124
0.17075	0.172357
0.17125	0.172916
0.17175	0.173645
0.17225	0.174311
0.17275	0.174235
0.17325	0.174497
0.17375	0.175639
0.17425	0.175757
0.17475	0.175903
0.17525	0.176089
0.17575	0.177399
0.17625	0.178243
0.17675	0.178207
0.17725	0.178497
0.17775	0.179063
0.17825	0.179894
0.17875	0.180221
0.17925	0.180165
0.17975	0.180633
0.18025	0.182146
0.18075	0.181277
0.18125	0.18252
0.18175	0.183116
0.18225	0.182708
0.18275	0.184132
0.18325	0.185009
0.18375	0.18476
0.18425	0.185327
0.18475	0.186
0.18525	0.186173
0.18575	0
0.18625	0.187669
0.18675	0.188706
0.18725	0.188076
0.18775	0.188652
0.18825	0.188876
0.18875	0.190034
0.18925	0.190627
0.18975	0.191242
0.19025	0.191579
0.19075	0.192961
0.19125	0.191956
0.19175	0.1926
0.19225	0.193221
0.19275	0.193789
0.19325	0.194588
0.19375	0.195296
0.19425	0.19526
0.19475	0.196515
0.19525	0.196206
0.19575	0.197427
0.19625	0.198394
0.19675	0.198384
0.19725	0.199328
0.19775	0.197816
0.19825	0.199333
0.19875	0.200133
0.19925	0.200355
