!k=p1-p2
T_R	N 
0.00025	0.0153739
0.00075	0.02222
0.00125	0.0288617
0.00175	0.0171544
0.00225	0.0253721
0.00275	0.0187978
0.00325	0.0172849
0.00375	0.0266427
0.00425	0.0173638
0.00475	0.0204655
0.00525	0.0241784
0.00575	0.0154808
0.00625	0.0182535
0.00675	0.0225831
0.00725	0.0254341
0.00775	0.021664
0.00825	0.0231053
0.00875	0.0233415
0.00925	0.0246678
0.00975	0.0279381
0.01025	0.0249238
0.01075	0.0205935
0.01125	0.0208984
0.01175	0.0238039
0.01225	0.0204052
0.01275	0.0241506
0.01325	0.0227521
0.01375	0.0243401
0.01425	0.0250065
0.01475	0.0249451
0.01525	0.0267911
0.01575	0.021789
0.01625	0.0281518
0.01675	0.0265235
0.01725	0.0288038
0.01775	0.023023
0.01825	0.024098
0.01875	0.0318583
0.01925	0.026532
0.01975	0.0257324
0.02025	0.027277
0.02075	0.0316897
0.02125	0.0281737
0.02175	0.0278987
0.02225	0.0319449
0.02275	0.0309669
0.02325	0.0303133
0.02375	0.0340592
0.02425	0.0322683
0.02475	0.0321996
0.02525	0.0315379
0.02575	0.0384683
0.02625	0.0310396
0.02675	0.0338844
0.02725	0.0330944
0.02775	0.0303461
0.02825	0.0334021
0.02875	0.0374612
0.02925	0.033697
0.02975	0.0344325
0.03025	0.0384583
0.03075	0.0379514
0.03125	0.0402448
0.03175	0.0398077
0.03225	0.0387314
0.03275	0.0350406
0.03325	0.0379293
0.03375	0.0379629
0.03425	0.0420175
0.03475	0.0405887
0.03525	0.0401749
0.03575	0.0421883
0.03625	0.0415287
0.03675	0.0409164
0.03725	0.0422929
0.03775	0.0427554
0.03825	0.0443433
0.03875	0.0431351
0.03925	0.0428691
0.03975	0.0437542
0.04025	0.0458603
0.04075	0.0479714
0.04125	0.0462489
0.04175	0.0471818
0.04225	0.047085
0.04275	0.0463911
0.04325	0.0485255
0.04375	0.0513651
0.04425	0.050839
0.04475	0.0505699
0.04525	0.0478735
0.04575	0.0501852
0.04625	0.0552731
0.04675	0.0518479
0.04725	0.0505956
0.04775	0.0524431
0.04825	0.0528916
0.04875	0.0543492
0.04925	0.0553522
0.04975	0.0532763
0.05025	0.055346
0.05075	0.0557005
0.05125	0.0562727
0.05175	0.0587558
0.05225	0.0545186
0.05275	0.0579606
0.05325	0.0542731
0.05375	0.0550512
0.05425	0.0570858
0.05475	0.0592566
0.05525	0.0591474
0.05575	0.0611987
0.05625	0.0603054
0.05675	0.0605965
0.05725	0.0610049
0.05775	0.061497
0.05825	0.0615379
0.05875	0.0665842
0.05925	0.061779
0.05975	0.0630456
0.06025	0.0623146
0.06075	0.064282
0.06125	0.0643343
0.06175	0.0668621
0.06225	0.0654996
0.06275	0.0656828
0.06325	0.0662533
0.06375	0.0671476
0.06425	0.0681231
0.06475	0.0691835
0.06525	0.0686888
0.06575	0.0708998
0.06625	0.0700978
0.06675	0.0715069
0.06725	0.0701858
0.06775	0.0708555
0.06825	0.0733469
0.06875	0.0723534
0.06925	0.0726969
0.06975	0.0749506
0.07025	0.0732932
0.07075	0.0761493
0.07125	0.07582
0.07175	0.0742689
0.07225	0.0753297
0.07275	0.0757276
0.07325	0.0750933
0.07375	0.0765992
0.07425	0.0772459
0.07475	0.0770334
0.07525	0.0794047
0.07575	0.0789241
0.07625	0.0804829
0.07675	0.078203
0.07725	0.077092
0.07775	0.0802648
0.07825	0.0812714
0.07875	0
0.07925	0.0821974
0.07975	0.0823831
0.08025	0.0817401
0.08075	0.0858349
0.08125	0.0841327
0.08175	0.084514
0.08225	0.086794
0.08275	0.0855586
0.08325	0.0857
0.08375	0.0866583
0.08425	0.0869529
0.08475	0.0874072
0.08525	0.0888131
0.08575	0.0879494
0.08625	0.0890307
0.08675	0.0905571
0.08725	0.0908834
0.08775	0.0913253
0.08825	0.0911136
0.08875	0.0918259
0.08925	0.0928244
0.08975	0.0923125
0.09025	0.0936846
0.09075	0.0929287
0.09125	0.094287
0.09175	0.0943399
0.09225	0.0951778
0.09275	0.0951854
0.09325	0
0.09375	0.0958977
0.09425	0.0953398
0.09475	0.0964606
0.09525	0.0970659
0.09575	0.0973754
0.09625	0.0982702
0.09675	0.0990294
0.09725	0.099791
0.09775	0.0996354
0.09825	0.100665
0.09875	0.100609
0.09925	0.101531
0.09975	0.104542
0.10025	0.10357
0.10075	0.102827
0.10125	0.102517
0.10175	0.103748
0.10225	0.103832
0.10275	0.105156
0.10325	0.105748
0.10375	0.105153
0.10425	0.106401
0.10475	0.106552
0.10525	0.106901
0.10575	0.108357
0.10625	0.108597
0.10675	0.109401
0.10725	0.109163
0.10775	0.110557
0.10825	0.11111
0.10875	0.109343
0.10925	0.111027
0.10975	0.112611
0.11025	0.112333
0.11075	0.112388
0.11125	0.113117
0.11175	0.114127
0.11225	0.114196
0.11275	0.115663
0.11325	0.115006
0.11375	0.115593
0.11425	0.116007
0.11475	0.117011
0.11525	0.117214
0.11575	0.118199
0.11625	0.118399
0.11675	0.117946
0.11725	0.119562
0.11775	0.119823
0.11825	0.119498
0.11875	0.120148
0.11925	0.121198
0.11975	0.123121
0.12025	0.122098
0.12075	0.122101
0.12125	0.122301
0.12175	0.124113
0.12225	0.124454
0.12275	0.124712
0.12325	0.125382
0.12375	0.125572
0.12425	0.125604
0.12475	0.127369
0.12525	0.128898
0.12575	0.127455
0.12625	0
0.12675	0.12933
0.12725	0.129965
0.12775	0.129935
0.12825	0.130102
0.12875	0.130148
0.12925	0.130894
0.12975	0.131918
0.13025	0.131198
0.13075	0.132657
0.13125	0.132491
0.13175	0.13286
0.13225	0.134093
0.13275	0.135039
0.13325	0.13494
0.13375	0.135261
0.13425	0.135826
0.13475	0.136997
0.13525	0.137301
0.13575	0.136559
0.13625	0.138732
0.13675	0.139234
0.13725	0.139471
0.13775	0.139187
0.13825	0.139267
0.13875	0.139772
0.13925	0.140938
0.13975	0.140431
0.14025	0.141898
0.14075	0.143006
0.14125	0.144112
0.14175	0.143606
0.14225	0.143144
0.14275	0.14437
0.14325	0.14477
0.14375	0.144426
0.14425	0.146301
0.14475	0.145723
0.14525	0.147132
0.14575	0.147862
0.14625	0.148072
0.14675	0.147417
0.14725	0.149193
0.14775	0.149009
0.14825	0.14978
0.14875	0.151263
0.14925	0.15106
0.14975	0.151227
0.15025	0.152568
0.15075	0.151884
0.15125	0.152704
0.15175	0.154092
0.15225	0.153923
0.15275	0.153368
0.15325	0.155141
0.15375	0.156611
0.15425	0.155911
0.15475	0.15655
0.15525	0.156885
0.15575	0.157156
0.15625	0.156821
0.15675	0.157535
0.15725	0.159006
0.15775	0.160239
0.15825	0.158766
0.15875	0.159487
0.15925	0.160729
0.15975	0.161074
0.16025	0.161838
0.16075	0.162194
0.16125	0.163378
0.16175	0.163083
0.16225	0.163973
0.16275	0.164659
0.16325	0.164722
0.16375	0.164726
0.16425	0.164653
0.16475	0.166285
0.16525	0.166655
0.16575	0.166807
0.16625	0.168141
0.16675	0.167894
0.16725	0.168822
0.16775	0.16913
0.16825	0.16958
0.16875	0.170116
0.16925	0.170795
0.16975	0.17091
0.17025	0.170999
0.17075	0.172498
0.17125	0.172565
0.17175	0.172586
0.17225	0.173951
0.17275	0.173591
0.17325	0.17474
0.17375	0.174362
0.17425	0.175547
0.17475	0.176025
0.17525	0.175413
0.17575	0.175989
0.17625	0.178043
0.17675	0.179458
0.17725	0.177922
0.17775	0.178998
0.17825	0.180549
0.17875	0.180145
0.17925	0.180153
0.17975	0.180775
0.18025	0.181572
0.18075	0.182155
0.18125	0.182875
0.18175	0.183521
0.18225	0.18265
0.18275	0.183639
0.18325	0.184682
0.18375	0.185104
0.18425	0.185158
0.18475	0.187048
0.18525	0.185921
0.18575	0.187325
0.18625	0.188507
0.18675	0.188077
0.18725	0.188588
0.18775	0.188865
0.18825	0.189792
0.18875	0.189365
0.18925	0.190626
0.18975	0.190941
0.19025	0.190724
0.19075	0.192034
0.19125	0.192546
0.19175	0.19271
0.19225	0.193663
0.19275	0.193762
0.19325	0.194326
0.19375	0.194811
0.19425	0.195167
0.19475	0.196092
0.19525	0.196667
0.19575	0.197172
0.19625	0.197605
0.19675	0.197901
0.19725	0.198171
0.19775	0.198907
0.19825	0.200523
0.19875	0.200364
0.19925	0.200496
