!k=p1-p2
T_R	N 
0.00025	0.0171795
0.00075	0.0169239
0.00125	0.0171823
0.00175	0.0168548
0.00225	0.0176851
0.00275	0.0174351
0.00325	0.0176562
0.00375	0.0181126
0.00425	0.0174385
0.00475	0.0180908
0.00525	0.0180861
0.00575	0.0178856
0.00625	0.0188136
0.00675	0.0185823
0.00725	0.0194144
0.00775	0.0191381
0.00825	0.0198079
0.00875	0.0196967
0.00925	0.019716
0.00975	0.0204745
0.01025	0.020184
0.01075	0.0211312
0.01125	0.0212046
0.01175	0.0210957
0.01225	0.0220572
0.01275	0.0220691
0.01325	0.0221653
0.01375	0.022507
0.01425	0.0227964
0.01475	0.0235162
0.01525	0.0233767
0.01575	0.0236168
0.01625	0.024414
0.01675	0.0244813
0.01725	0.0250723
0.01775	0.0256278
0.01825	0.0259531
0.01875	0.0260167
0.01925	0.0266774
0.01975	0.0268198
0.02025	0.0273478
0.02075	0.0277774
0.02125	0.0278661
0.02175	0.0284473
0.02225	0.0287691
0.02275	0.0288221
0.02325	0.0292801
0.02375	0.0300491
0.02425	0.0308717
0.02475	0.0311752
0.02525	0.0310309
0.02575	0.0314598
0.02625	0.0322264
0.02675	0.0321145
0.02725	0.0331669
0.02775	0.0331211
0.02825	0.0334797
0.02875	0.0337878
0.02925	0.034404
0.02975	0.0348142
0.03025	0.0354296
0.03075	0.0360082
0.03125	0.0361792
0.03175	0.036574
0.03225	0.0370664
0.03275	0.037533
0.03325	0.0379415
0.03375	0.0386528
0.03425	0.0390991
0.03475	0.0394147
0.03525	0.0400539
0.03575	0.0399259
0.03625	0.04054
0.03675	0.0412203
0.03725	0.041599
0.03775	0.0418099
0.03825	0.0424742
0.03875	0.0427364
0.03925	0.0432631
0.03975	0.0439431
0.04025	0.0444564
0.04075	0.0448582
0.04125	0.0451653
0.04175	0.045702
0.04225	0.0458878
0.04275	0.0466841
0.04325	0.0470647
0.04375	0.0475235
0.04425	0.0481175
0.04475	0.0487155
0.04525	0.0488161
0.04575	0.0496604
0.04625	0.0499566
0.04675	0.0503074
0.04725	0.050724
0.04775	0.051287
0.04825	0.0517262
0.04875	0.0520808
0.04925	0.0525692
0.04975	0.0530455
0.05025	0.0534451
0.05075	0.0540523
0.05125	0.0546966
0.05175	0.0548333
0.05225	0.0554565
0.05275	0.0560716
0.05325	0.0564404
0.05375	0.0569186
0.05425	0.0573494
0.05475	0.0577543
0.05525	0.0582317
0.05575	0.0587644
0.05625	0.0593393
0.05675	0.0597999
0.05725	0.0603254
0.05775	0.0607402
0.05825	0.0608855
0.05875	0.0616069
0.05925	0.0620249
0.05975	0.0626119
0.06025	0.0631991
0.06075	0.0635575
0.06125	0.0639587
0.06175	0.0647356
0.06225	0.0649551
0.06275	0.0656027
0.06325	0.0658718
0.06375	0.0664745
0.06425	0.0668912
0.06475	0.0675095
0.06525	0.0677933
0.06575	0.0683521
0.06625	0.068893
0.06675	0.0693031
0.06725	0.0697516
0.06775	0.0699108
0.06825	0.0707486
0.06875	0.0713961
0.06925	0.0717705
0.06975	0.0722363
0.07025	0.0727312
0.07075	0.0732503
0.07125	0.0734877
0.07175	0.0741165
0.07225	0.0746446
0.07275	0.0751006
0.07325	0.0756999
0.07375	0.0761572
0.07425	0.0766743
0.07475	0.0772247
0.07525	0.0774103
0.07575	0.0780408
0.07625	0.0786469
0.07675	0.0789317
0.07725	0.0794516
0.07775	0.0799864
0.07825	0.0804449
0.07875	0.0810286
0.07925	0.0815077
0.07975	0.0819884
0.08025	0.0824427
0.08075	0.0829016
0.08125	0.0836602
0.08175	0.0839045
0.08225	0.0843533
0.08275	0.0848664
0.08325	0.0853952
0.08375	0.085897
0.08425	0.0863117
0.08475	0.0868366
0.08525	0.0872459
0.08575	0.0877593
0.08625	0.0884216
0.08675	0.0888263
0.08725	0.0893658
0.08775	0.0898275
0.08825	0.0902352
0.08875	0.0905455
0.08925	0.0911688
0.08975	0.0917386
0.09025	0.0920676
0.09075	0.0926345
0.09125	0.0931917
0.09175	0.0935625
0.09225	0.0940114
0.09275	0.0946296
0.09325	0.095165
0.09375	0.0954559
0.09425	0.0961393
0.09475	0.0965107
0.09525	0.0970126
0.09575	0.097629
0.09625	0.0982332
0.09675	0.0985448
0.09725	0.0992032
0.09775	0.0994793
0.09825	0.0999985
0.09875	0.100541
0.09925	0.100991
0.09975	0.101429
0.10025	0.101982
0.10075	0.102577
0.10125	0.103074
0.10175	0.103499
0.10225	0.103974
0.10275	0.104464
0.10325	0.105037
0.10375	0.105492
0.10425	0.105996
0.10475	0.106408
0.10525	0.107058
0.10575	0.107478
0.10625	0.107882
0.10675	0.1086
0.10725	0.108786
0.10775	0.109345
0.10825	0.109881
0.10875	0.110438
0.10925	0.110918
0.10975	0.111368
0.11025	0.111826
0.11075	0.112427
0.11125	0.112767
0.11175	0.113328
0.11225	0.113889
0.11275	0.114215
0.11325	0.114757
0.11375	0.115287
0.11425	0.115769
0.11475	0.116422
0.11525	0.116792
0.11575	0.11743
0.11625	0.117748
0.11675	0.11839
0.11725	0.118651
0.11775	0.119242
0.11825	0.119792
0.11875	0.120192
0.11925	0.120703
0.11975	0.121191
0.12025	0.121726
0.12075	0.122182
0.12125	0.122734
0.12175	0.123114
0.12225	0.123794
0.12275	0.124268
0.12325	0.124612
0.12375	0.125169
0.12425	0.125762
0.12475	0.126198
0.12525	0.126552
0.12575	0.127177
0.12625	0.127641
0.12675	0.128126
0.12725	0.128604
0.12775	0.129101
0.12825	0.129617
0.12875	0.130185
0.12925	0.130595
0.12975	0.131116
0.13025	0.13164
0.13075	0.132181
0.13125	0.132628
0.13175	0.133007
0.13225	0.133619
0.13275	0.134107
0.13325	0.134671
0.13375	0.135143
0.13425	0.135601
0.13475	0.135992
0.13525	0.136644
0.13575	0.137067
0.13625	0.1375
0.13675	0.137997
0.13725	0.13842
0.13775	0.139013
0.13825	0.139518
0.13875	0.140162
0.13925	0.140563
0.13975	0.141102
0.14025	0.141529
0.14075	0.141925
0.14125	0.142604
0.14175	0.143013
0.14225	0.143491
0.14275	0.14397
0.14325	0.144537
0.14375	0.14501
0.14425	0.145594
0.14475	0.145907
0.14525	0.146466
0.14575	0.147014
0.14625	0.147547
0.14675	0.147971
0.14725	0.148471
0.14775	0.148955
0.14825	0.149492
0.14875	0.149953
0.14925	0.150449
0.14975	0.150993
0.15025	0.151457
0.15075	0.151939
0.15125	0.15251
0.15175	0.152968
0.15225	0.153401
0.15275	0.153912
0.15325	0.154488
0.15375	0.154831
0.15425	0.155399
0.15475	0.155834
0.15525	0.15642
0.15575	0.156848
0.15625	0.157381
0.15675	0.157884
0.15725	0.158422
0.15775	0.158829
0.15825	0.159322
0.15875	0.159878
0.15925	0.160457
0.15975	0.16087
0.16025	0.161387
0.16075	0.161813
0.16125	0.162403
0.16175	0.162805
0.16225	0.16338
0.16275	0.163865
0.16325	0.164411
0.16375	0.164773
0.16425	0.165434
0.16475	0.165879
0.16525	0.16632
0.16575	0.166721
0.16625	0.167406
0.16675	0.167781
0.16725	0.168439
0.16775	0.168862
0.16825	0.169335
0.16875	0.169808
0.16925	0.17028
0.16975	0.170854
0.17025	0.171294
0.17075	0.171689
0.17125	0.172347
0.17175	0.172747
0.17225	0.173295
0.17275	0.173816
0.17325	0.174307
0.17375	0.174822
0.17425	0.175263
0.17475	0.175861
0.17525	0.176246
0.17575	0.176758
0.17625	0.177187
0.17675	0.177766
0.17725	0.178338
0.17775	0.178698
0.17825	0.179287
0.17875	0.179675
0.17925	0.180272
0.17975	0.180739
0.18025	0.181305
0.18075	0.181782
0.18125	0.182192
0.18175	0.182731
0.18225	0.183163
0.18275	0.18372
0.18325	0.184184
0.18375	0.184821
0.18425	0.185311
0.18475	0.185781
0.18525	0.186272
0.18575	0.186805
0.18625	0.187267
0.18675	0.187709
0.18725	0.188179
0.18775	0.188668
0.18825	0.1893
0.18875	0.189818
0.18925	0.190181
0.18975	0.190741
0.19025	0.191171
0.19075	0.191832
0.19125	0.192089
0.19175	0.192618
0.19225	0.193293
0.19275	0.193638
0.19325	0.194199
0.19375	0.19465
0.19425	0.195231
0.19475	0.195771
0.19525	0.196176
0.19575	0.19668
0.19625	0.197144
0.19675	0.197682
0.19725	0.198188
0.19775	0.198736
0.19825	0.199155
0.19875	0.199719
0.19925	0.200131
