!k=p1-p2
T_R	N 
0.00025	0.0228334
0.00075	0.0229915
0.00125	0.0232407
0.00175	0.0230352
0.00225	0.0226203
0.00275	0.0223097
0.00325	0.0225869
0.00375	0.0226995
0.00425	0.0227952
0.00475	0.0227308
0.00525	0.0231448
0.00575	0.0233643
0.00625	0.0227619
0.00675	0.0229817
0.00725	0.0233581
0.00775	0.0235687
0.00825	0.0239021
0.00875	0.0238297
0.00925	0.0232401
0.00975	0.0231384
0.01025	0.0228709
0.01075	0.0236346
0.01125	0.0235122
0.01175	0.0242272
0.01225	0.0240193
0.01275	0.0244245
0.01325	0.0238998
0.01375	0.0241163
0.01425	0.0247273
0.01475	0.0240204
0.01525	0.0235656
0.01575	0.0234187
0.01625	0.0243797
0.01675	0.0242502
0.01725	0.0240546
0.01775	0.023526
0.01825	0.0248805
0.01875	0.0243041
0.01925	0.0244471
0.01975	0.0244182
0.02025	0.0242049
0.02075	0.0248038
0.02125	0.0249191
0.02175	0.0249182
0.02225	0.0254407
0.02275	0.0255794
0.02325	0.0246996
0.02375	0.0250879
0.02425	0.0256313
0.02475	0.0256283
0.02525	0.0259473
0.02575	0.0261332
0.02625	0.025672
0.02675	0.0260887
0.02725	0.0262953
0.02775	0.0264734
0.02825	0.0266795
0.02875	0.0263879
0.02925	0.0266104
0.02975	0.0268521
0.03025	0.0261093
0.03075	0.0267814
0.03125	0.0270507
0.03175	0.0272565
0.03225	0.0275235
0.03275	0.0275474
0.03325	0.0275749
0.03375	0.0277309
0.03425	0.0278194
0.03475	0.027653
0.03525	0.028008
0.03575	0.0275966
0.03625	0.0277527
0.03675	0.0281403
0.03725	0.0281646
0.03775	0.0285608
0.03825	0.0282786
0.03875	0.028712
0.03925	0.0285403
0.03975	0.0288725
0.04025	0.0295286
0.04075	0.0294548
0.04125	0.0294201
0.04175	0.0290786
0.04225	0.0293175
0.04275	0.0294799
0.04325	0.0297704
0.04375	0.0302284
0.04425	0.0299949
0.04475	0.0301831
0.04525	0.0303062
0.04575	0.0310014
0.04625	0.0305899
0.04675	0.0303353
0.04725	0.0302457
0.04775	0.031464
0.04825	0.030776
0.04875	0.0306492
0.04925	0.0310852
0.04975	0.0316206
0.05025	0.0317694
0.05075	0.0321801
0.05125	0.0318985
0.05175	0.0320785
0.05225	0.0315831
0.05275	0.0315169
0.05325	0.031939
0.05375	0.0322073
0.05425	0.0323856
0.05475	0.0320112
0.05525	0.0331232
0.05575	0.0325337
0.05625	0.0329579
0.05675	0.0337269
0.05725	0.0335828
0.05775	0.0343782
0.05825	0.0336171
0.05875	0.033709
0.05925	0.034038
0.05975	0.0332818
0.06025	0.034426
0.06075	0.0345405
0.06125	0.0341282
0.06175	0.0353467
0.06225	0.0340798
0.06275	0.0351426
0.06325	0.0345969
0.06375	0.0354089
0.06425	0.0351597
0.06475	0.0352497
0.06525	0.0354576
0.06575	0.0358839
0.06625	0.0358354
0.06675	0.0362818
0.06725	0.0361933
0.06775	0.0362979
0.06825	0.0360287
0.06875	0.0364087
0.06925	0.0361187
0.06975	0.0376958
0.07025	0.0369546
0.07075	0.0369554
0.07125	0.0370945
0.07175	0.0372796
0.07225	0.0377558
0.07275	0.0379452
0.07325	0.0368875
0.07375	0.0382419
0.07425	0.0387496
0.07475	0.0381093
0.07525	0.0387094
0.07575	0.038409
0.07625	0.0387207
0.07675	0.0394578
0.07725	0.0398358
0.07775	0.0390025
0.07825	0.039536
0.07875	0.0396849
0.07925	0.0391221
0.07975	0.0398643
0.08025	0.039003
0.08075	0.0404392
0.08125	0.0409133
0.08175	0.0407544
0.08225	0.0402308
0.08275	0.0411352
0.08325	0.0409633
0.08375	0.0410513
0.08425	0.0410544
0.08475	0.04034
0.08525	0.0411043
0.08575	0.0410948
0.08625	0.0414267
0.08675	0.0411503
0.08725	0.0418853
0.08775	0.0421705
0.08825	0.0419237
0.08875	0.0429153
0.08925	0.0423918
0.08975	0.042043
0.09025	0.0428931
0.09075	0.0435264
0.09125	0.0434737
0.09175	0.0427829
0.09225	0.0431991
0.09275	0.0441982
0.09325	0.0432294
0.09375	0.0437364
0.09425	0.0442504
0.09475	0.0443262
0.09525	0.0443146
0.09575	0.044003
0.09625	0.0441099
0.09675	0.0454456
0.09725	0.044011
0.09775	0.0443623
0.09825	0.0447907
0.09875	0.0452964
0.09925	0.0459628
0.09975	0.0459783
0.10025	0.045621
0.10075	0.04588
0.10125	0.0456845
0.10175	0.0465726
0.10225	0.0469296
0.10275	0.0464509
0.10325	0.0465777
0.10375	0.0469467
0.10425	0.0472447
0.10475	0.0473342
0.10525	0.0471316
0.10575	0.0473646
0.10625	0.0470564
0.10675	0.0471528
0.10725	0.0484122
0.10775	0.0473953
0.10825	0.0477388
0.10875	0.0480799
0.10925	0.0485421
0.10975	0.048037
0.11025	0.0489114
0.11075	0.0483435
0.11125	0.0495402
0.11175	0.0497888
0.11225	0.0494472
0.11275	0.0495646
0.11325	0.0493891
0.11375	0.0494377
0.11425	0.0504501
0.11475	0.0500444
0.11525	0.0494961
0.11575	0.0499972
0.11625	0.0497806
0.11675	0.0502526
0.11725	0.0507427
0.11775	0.0517054
0.11825	0.0511321
0.11875	0.0511692
0.11925	0.0507612
0.11975	0.0515169
0.12025	0.0518787
0.12075	0.051706
0.12125	0.051168
0.12175	0.0517981
0.12225	0.0519704
0.12275	0.052665
0.12325	0.0524965
0.12375	0.0537051
0.12425	0.0522402
0.12475	0.0532387
0.12525	0.0523055
0.12575	0.0536642
0.12625	0.0535869
0.12675	0.0532619
0.12725	0.0530326
0.12775	0.0534651
0.12825	0.0538
0.12875	0.0547044
0.12925	0.0542052
0.12975	0.0535284
0.13025	0.0537105
0.13075	0.054499
0.13125	0.0549148
0.13175	0.0559808
0.13225	0.0557052
0.13275	0.0551021
0.13325	0.0551028
0.13375	0.0559068
0.13425	0.0558649
0.13475	0.0557369
0.13525	0.056912
0.13575	0.056404
0.13625	0.0565128
0.13675	0.056939
0.13725	0.0569761
0.13775	0.0570363
0.13825	0.0560733
0.13875	0.0566672
0.13925	0.0566246
0.13975	0.0559987
0.14025	0.0569806
0.14075	0.0566611
0.14125	0.0557847
0.14175	0.058205
0.14225	0.0591748
0.14275	0.0577476
0.14325	0.0589098
0.14375	0.0580681
0.14425	0.0579638
0.14475	0.0587006
0.14525	0.0589724
0.14575	0.0587884
0.14625	0.0588269
0.14675	0.059234
0.14725	0.0598194
0.14775	0.0594236
0.14825	0.0603947
0.14875	0.0590438
0.14925	0.0596864
0.14975	0.058516
0.15025	0.0590122
0.15075	0.0599708
0.15125	0.0604827
0.15175	0.0612116
0.15225	0.0608729
0.15275	0.0610269
0.15325	0.0601236
0.15375	0.0621089
0.15425	0.0607747
0.15475	0.0613872
0.15525	0.0618322
0.15575	0.0613833
0.15625	0.0615293
0.15675	0.0618818
0.15725	0.0631961
0.15775	0.0616066
0.15825	0.0634487
0.15875	0.0627357
0.15925	0.0631103
0.15975	0.0622778
0.16025	0.0622624
0.16075	0.0631473
0.16125	0.0637518
0.16175	0.0633678
0.16225	0.0624001
0.16275	0.0646725
0.16325	0.0625656
0.16375	0.0634011
0.16425	0.0631499
0.16475	0.0641111
0.16525	0.0639201
0.16575	0.0638466
0.16625	0.0646134
0.16675	0.0644281
0.16725	0.0648993
0.16775	0.0663705
0.16825	0.0647548
0.16875	0.0654114
0.16925	0.0656356
0.16975	0.0663639
0.17025	0.0656664
0.17075	0.0670189
0.17125	0.066224
0.17175	0.0664647
0.17225	0.0652397
0.17275	0.0650764
0.17325	0.0666684
0.17375	0.0688478
0.17425	0.0663224
0.17475	0.0683293
0.17525	0.0665946
0.17575	0.0674986
0.17625	0.0673593
0.17675	0.0673317
0.17725	0.0683594
0.17775	0.0667499
0.17825	0.0679172
0.17875	0.0680646
0.17925	0.0683073
0.17975	0.0695519
0.18025	0.0676536
0.18075	0.0689643
0.18125	0.0693912
0.18175	0.068991
0.18225	0.0687074
0.18275	0.0696569
0.18325	0.0699335
0.18375	0.0685695
0.18425	0.0696874
0.18475	0.0693484
0.18525	0.0693495
0.18575	0.0712333
0.18625	0.0695539
0.18675	0.070073
0.18725	0.0719647
0.18775	0.0706219
0.18825	0.0714442
0.18875	0.072051
0.18925	0.070993
0.18975	0.0705241
0.19025	0.0705814
0.19075	0.0711289
0.19125	0.0704444
0.19175	0.0712134
0.19225	0.0731132
0.19275	0.073267
0.19325	0.0727047
0.19375	0.0725275
0.19425	0.0718123
0.19475	0.0737063
0.19525	0.0742897
0.19575	0.0740118
0.19625	0.0728616
0.19675	0.0726957
0.19725	0.0747036
0.19775	0.0715621
0.19825	0.0730899
0.19875	0.0728614
0.19925	0.0735967
