!k=p1-p2
T_R	N 
0.00025	0.0169949
0.00075	0.025339
0.00125	0.0317511
0.00175	0.0190743
0.00225	0.0200017
0.00275	0.0239159
0.00325	0.0202022
0.00375	0.0246608
0.00425	0.0208691
0.00475	0.0263582
0.00525	0.0233762
0.00575	0.0212491
0.00625	0.0237251
0.00675	0.0189132
0.00725	0.0190235
0.00775	0.0251089
0.00825	0.0312028
0.00875	0.0181301
0.00925	0.0230627
0.00975	0.0272177
0.01025	0.0297665
0.01075	0.0234244
0.01125	0.0251102
0.01175	0.0181618
0.01225	0.0202728
0.01275	0.0241215
0.01325	0.020063
0.01375	0.027542
0.01425	0.025336
0.01475	0.0191462
0.01525	0.0271352
0.01575	0.0306646
0.01625	0.0264221
0.01675	0.0248154
0.01725	0.028157
0.01775	0.0317604
0.01825	0.0224532
0.01875	0.0291415
0.01925	0.0268651
0.01975	0.029334
0.02025	0.0281694
0.02075	0.0269607
0.02125	0.0289347
0.02175	0.0296859
0.02225	0.0292703
0.02275	0.0271395
0.02325	0.0313805
0.02375	0.0308207
0.02425	0.0310396
0.02475	0.0254697
0.02525	0.0304196
0.02575	0.0293595
0.02625	0.0279348
0.02675	0.0312219
0.02725	0.0337902
0.02775	0.0275062
0.02825	0.0377526
0.02875	0.0363229
0.02925	0.0286669
0.02975	0.0223305
0.03025	0.0364883
0.03075	0.033937
0.03125	0.0348056
0.03175	0.0347498
0.03225	0.0282282
0.03275	0.0352275
0.03325	0.0406627
0.03375	0.0374838
0.03425	0.0399844
0.03475	0.0354845
0.03525	0.0308176
0.03575	0.039863
0.03625	0.0359057
0.03675	0.0372651
0.03725	0.040934
0.03775	0.0372163
0.03825	0.0396481
0.03875	0.0443755
0.03925	0.0386166
0.03975	0.0427031
0.04025	0.0407928
0.04075	0.0441626
0.04125	0.0386484
0.04175	0.0438065
0.04225	0.0379345
0.04275	0.0368913
0.04325	0.0383376
0.04375	0.0412306
0.04425	0.0417057
0.04475	0.0429334
0.04525	0.0422222
0.04575	0.0411694
0.04625	0.042477
0.04675	0.0426593
0.04725	0.0418963
0.04775	0.0419153
0.04825	0.0461779
0.04875	0.0417033
0.04925	0.0460023
0.04975	0.0404917
0.05025	0.043547
0.05075	0.0446305
0.05125	0.0454699
0.05175	0.0482829
0.05225	0.0487581
0.05275	0.0506028
0.05325	0.0467226
0.05375	0.0494133
0.05425	0.0471254
0.05475	0.0507335
0.05525	0.0477552
0.05575	0.053256
0.05625	0.0502587
0.05675	0.0518408
0.05725	0.0476656
0.05775	0.0530543
0.05825	0.0498339
0.05875	0.0535286
0.05925	0.0492562
0.05975	0.0488295
0.06025	0.0554969
0.06075	0.0442745
0.06125	0.0508161
0.06175	0.0532318
0.06225	0.0504617
0.06275	0.0537952
0.06325	0.0553811
0.06375	0.0576773
0.06425	0.0457787
0.06475	0.0484257
0.06525	0.0495551
0.06575	0.0545098
0.06625	0.0577241
0.06675	0.0582714
0.06725	0.0554061
0.06775	0.0549327
0.06825	0.0565086
0.06875	0.048484
0.06925	0.0588652
0.06975	0.05495
0.07025	0.0575137
0.07075	0.0537694
0.07125	0.057325
0.07175	0.0623756
0.07225	0.0622239
0.07275	0.0541073
0.07325	0.0572691
0.07375	0.0503861
0.07425	0.0531309
0.07475	0.0633841
0.07525	0.0519872
0.07575	0.0625452
0.07625	0.063318
0.07675	0.0617813
0.07725	0.0557873
0.07775	0.0599669
0.07825	0.0635691
0.07875	0.0632223
0.07925	0.0664731
0.07975	0.0569611
0.08025	0.061315
0.08075	0.0682851
0.08125	0.0686959
0.08175	0.0669281
0.08225	0.0664543
0.08275	0.0696029
0.08325	0.0697482
0.08375	0.0649521
0.08425	0.0600285
0.08475	0.0695058
0.08525	0.0692523
0.08575	0.0695083
0.08625	0.0626625
0.08675	0.075158
0.08725	0.0751676
0.08775	0.0669045
0.08825	0.0731186
0.08875	0.065226
0.08925	0.0617712
0.08975	0.0756347
0.09025	0.0814476
0.09075	0.0721144
0.09125	0.0716618
0.09175	0.0757186
0.09225	0.0641869
0.09275	0.0752474
0.09325	0.0746967
0.09375	0.0753274
0.09425	0.0796701
0.09475	0.0703545
0.09525	0.0835847
0.09575	0.0832058
0.09625	0.074189
0.09675	0.0726391
0.09725	0.0748548
0.09775	0.0897364
0.09825	0.0518448
0.09875	0.0684232
0.09925	0.0752735
0.09975	0.0756501
0.10025	0.0853908
0.10075	0.0840642
0.10125	0.0773023
0.10175	0.0846096
0.10225	0.0716907
0.10275	0.0837027
0.10325	0.0878004
0.10375	0.069816
0.10425	0.084487
0.10475	0.0754216
0.10525	0.0806943
0.10575	0.078345
0.10625	0.0910356
0.10675	0.077531
0.10725	0.0829092
0.10775	0.0788298
0.10825	0.0806305
0.10875	0.0986208
0.10925	0.0814218
0.10975	0.095126
0.11025	0.0835856
0.11075	0.0734632
0.11125	0.0824892
0.11175	0.0864591
0.11225	0.0912656
0.11275	0.091655
0.11325	0.0951613
0.11375	0.0922733
0.11425	0.0932604
0.11475	0.0902714
0.11525	0.0835202
0.11575	0.0857876
0.11625	0.0763899
0.11675	0.0942688
0.11725	0.0821486
0.11775	0.0801918
0.11825	0.101813
0.11875	0.0927677
0.11925	0.0877825
0.11975	0.0934692
0.12025	0.0870687
0.12075	0.093935
0.12125	0.0952837
0.12175	0.0943312
0.12225	0.0906138
0.12275	0.0902018
0.12325	0.0879286
0.12375	0.0960201
0.12425	0.092268
0.12475	0.0942362
0.12525	0.0985245
0.12575	0.0954845
0.12625	0.0952203
0.12675	0.093885
0.12725	0.0844369
0.12775	0.0835725
0.12825	0.0924937
0.12875	0.0962112
0.12925	0.0708508
0.12975	0.0847459
0.13025	0.107384
0.13075	0.096661
0.13125	0.111012
0.13175	0.0959406
0.13225	0.0985086
0.13275	0.0987818
0.13325	0.103654
0.13375	0.0997007
0.13425	0.0923984
0.13475	0.0970688
0.13525	0.0941365
0.13575	0.116703
0.13625	0.0985987
0.13675	0.106043
0.13725	0.0916884
0.13775	0.116055
0.13825	0.109599
0.13875	0.0944178
0.13925	0.103964
0.13975	0.109077
0.14025	0.106658
0.14075	0.106944
0.14125	0.115786
0.14175	0.113341
0.14225	0.11599
0.14275	0.1163
0.14325	0.125161
0.14375	0.0962985
0.14425	0.111699
0.14475	0.0830737
0.14525	0.111641
0.14575	0.107552
0.14625	0.0960919
0.14675	0.112374
0.14725	0.120879
0.14775	0.117544
0.14825	0.122848
0.14875	0.101837
0.14925	0.107993
0.14975	0.110036
0.15025	0.0865364
0.15075	0.112863
0.15125	0.10131
0.15175	0.126253
0.15225	0.119013
0.15275	0.108409
0.15325	0.123764
0.15375	0.120713
0.15425	0.117862
0.15475	0.132399
0.15525	0.106727
0.15575	0.114505
0.15625	0.115377
0.15675	0.117402
0.15725	0.114506
0.15775	0.119568
0.15825	0.11699
0.15875	0.113871
0.15925	0.119676
0.15975	0.123133
0.16025	0.122697
0.16075	0.123799
0.16125	0.117188
0.16175	0.122501
0.16225	0.104953
0.16275	0.132389
0.16325	0.131109
0.16375	0.116324
0.16425	0.130027
0.16475	0.111373
0.16525	0.121891
0.16575	0.126557
0.16625	0.119426
0.16675	0.127364
0.16725	0.113207
0.16775	0.130567
0.16825	0.116415
0.16875	0.126647
0.16925	0.136157
0.16975	0.121182
0.17025	0.12103
0.17075	0.132477
0.17125	0.123048
0.17175	0.134234
0.17225	0.124314
0.17275	0.132484
0.17325	0.133707
0.17375	0.125055
0.17425	0.145688
0.17475	0.129951
0.17525	0.135244
0.17575	0.125989
0.17625	0.129745
0.17675	0.139489
0.17725	0.108733
0.17775	0.105107
0.17825	0.119509
0.17875	0.103124
0.17925	0.135779
0.17975	0.148759
0.18025	0.152679
0.18075	0.131384
0.18125	0.136615
0.18175	0.127087
0.18225	0.129093
0.18275	0.129248
0.18325	0.131714
0.18375	0.145635
0.18425	0.121525
0.18475	0.140887
0.18525	0.154387
0.18575	0.130844
0.18625	0.123325
0.18675	0.125855
0.18725	0.151336
0.18775	0.136062
0.18825	0.148028
0.18875	0.141012
0.18925	0.134225
0.18975	0.12937
0.19025	0.149531
0.19075	0.136411
0.19125	0.143884
0.19175	0.138562
0.19225	0.149638
0.19275	0.126441
0.19325	0.137447
0.19375	0.15022
0.19425	0.151233
0.19475	0.14426
0.19525	0.143173
0.19575	0.139612
0.19625	0.143252
0.19675	0.139073
0.19725	0.135847
0.19775	0.144481
0.19825	0.153425
0.19875	0.157167
0.19925	0.133583
