!k=p1-p2
T_R	N 
0.00025	0.0193492
0.00075	0.0214562
0.00125	0.0158009
0.00175	0.0231033
0.00225	0.0156137
0.00275	0.0174025
0.00325	0.0163552
0.00375	0.0217765
0.00425	0.0198403
0.00475	0.0236948
0.00525	0.0145708
0.00575	0.0233191
0.00625	0.0114088
0.00675	0.0222985
0.00725	0.0225927
0.00775	0.0166033
0.00825	0.0224612
0.00875	0.0188558
0.00925	0.0253324
0.00975	0.0171314
0.01025	0.0273397
0.01075	0.0195899
0.01125	0.023785
0.01175	0.0211719
0.01225	0.0269351
0.01275	0.0238189
0.01325	0.0242562
0.01375	0.0245386
0.01425	0.0252271
0.01475	0.0285023
0.01525	0.0257509
0.01575	0.0290248
0.01625	0.0237612
0.01675	0.0224482
0.01725	0.0249933
0.01775	0.0260962
0.01825	0.0278923
0.01875	0.0279509
0.01925	0.0283626
0.01975	0.0265809
0.02025	0.0265833
0.02075	0.0291743
0.02125	0.0283852
0.02175	0.0311422
0.02225	0.0289364
0.02275	0.0286103
0.02325	0.0329109
0.02375	0.0322476
0.02425	0.0300303
0.02475	0.0332913
0.02525	0.0308528
0.02575	0.0323473
0.02625	0.0348033
0.02675	0.0367091
0.02725	0.0390525
0.02775	0.0321096
0.02825	0.0350763
0.02875	0.0351178
0.02925	0.0353426
0.02975	0.0381258
0.03025	0.0393895
0.03075	0.0373343
0.03125	0.0361432
0.03175	0.0402453
0.03225	0.0385106
0.03275	0.039183
0.03325	0.0363877
0.03375	0.040473
0.03425	0.0396522
0.03475	0.0416498
0.03525	0.037599
0.03575	0.0433246
0.03625	0.0454885
0.03675	0.0412845
0.03725	0.0438636
0.03775	0.044872
0.03825	0.043864
0.03875	0.0400192
0.03925	0.0454872
0.03975	0.0465895
0.04025	0.0454839
0.04075	0.0475594
0.04125	0.0449264
0.04175	0.0463686
0.04225	0.0460498
0.04275	0.048019
0.04325	0.0504187
0.04375	0.0489006
0.04425	0.0507671
0.04475	0.0495204
0.04525	0.0494793
0.04575	0.0479783
0.04625	0.0506799
0.04675	0.0512998
0.04725	0.0505787
0.04775	0.0515154
0.04825	0.0534561
0.04875	0.050876
0.04925	0.0532649
0.04975	0.0538096
0.05025	0.0535321
0.05075	0.0558517
0.05125	0.0530888
0.05175	0.0579894
0.05225	0.0557427
0.05275	0.0613139
0.05325	0.0564347
0.05375	0.0594928
0.05425	0.0554739
0.05475	0.0593397
0.05525	0.0591694
0.05575	0.0574955
0.05625	0.0604042
0.05675	0.0622517
0.05725	0.0603361
0.05775	0.0609369
0.05825	0.0602424
0.05875	0.0623539
0.05925	0.0600304
0.05975	0.062356
0.06025	0.0659815
0.06075	0.0651717
0.06125	0.0662774
0.06175	0.0645937
0.06225	0.0644969
0.06275	0.0660539
0.06325	0.0655076
0.06375	0.0682689
0.06425	0.0669923
0.06475	0.0673438
0.06525	0.0690431
0.06575	0.0674242
0.06625	0.0690596
0.06675	0.0694238
0.06725	0.0699705
0.06775	0.0709612
0.06825	0.0717596
0.06875	0.0709638
0.06925	0.0725648
0.06975	0.0736697
0.07025	0.0738814
0.07075	0.0734718
0.07125	0.0764884
0.07175	0.0749513
0.07225	0.0742736
0.07275	0.075546
0.07325	0.0759188
0.07375	0.0762323
0.07425	0.0766696
0.07475	0.0769647
0.07525	0.0766933
0.07575	0.0789879
0.07625	0.0788284
0.07675	0.0784222
0.07725	0.081845
0.07775	0.0802705
0.07825	0.0802809
0.07875	0.0817641
0.07925	0.0839934
0.07975	0.082314
0.08025	0.0822707
0.08075	0.0850722
0.08125	0.083264
0.08175	0.0850103
0.08225	0.0849248
0.08275	0.0868769
0.08325	0.0854652
0.08375	0.0871701
0.08425	0.0873708
0.08475	0.0891409
0.08525	0.0888268
0.08575	0.0879938
0.08625	0.089291
0.08675	0.0897807
0.08725	0.0879778
0.08775	0.0901708
0.08825	0.0912218
0.08875	0.0921844
0.08925	0.0911911
0.08975	0.0914969
0.09025	0.0930947
0.09075	0.0933413
0.09125	0.0941639
0.09175	0.0935847
0.09225	0.0935164
0.09275	0.0947984
0.09325	0.0945111
0.09375	0.0966173
0.09425	0.0952746
0.09475	0.0974481
0.09525	0.0962068
0.09575	0.0973925
0.09625	0.0982246
0.09675	0.0994996
0.09725	0.100226
0.09775	0.102209
0.09825	0.102269
0.09875	0.100442
0.09925	0.100514
0.09975	0.102652
0.10025	0.103297
0.10075	0.104851
0.10125	0.103437
0.10175	0.103934
0.10225	0.105632
0.10275	0.104929
0.10325	0.10594
0.10375	0.107023
0.10425	0.10542
0.10475	0.107176
0.10525	0.107433
0.10575	0.108672
0.10625	0.108635
0.10675	0.108637
0.10725	0.110378
0.10775	0.110192
0.10825	0.110495
0.10875	0.110168
0.10925	0.110517
0.10975	0.113208
0.11025	0.112157
0.11075	0.112438
0.11125	0.113906
0.11175	0.114333
0.11225	0.113973
0.11275	0.115151
0.11325	0.114891
0.11375	0.115993
0.11425	0.115577
0.11475	0.115951
0.11525	0.116995
0.11575	0.117261
0.11625	0.118011
0.11675	0.118186
0.11725	0.119004
0.11775	0.120228
0.11825	0.120989
0.11875	0.122179
0.11925	0.121484
0.11975	0.121566
0.12025	0.122114
0.12075	0.123801
0.12125	0.123967
0.12175	0.123201
0.12225	0.123325
0.12275	0.123773
0.12325	0.12402
0.12375	0.126066
0.12425	0.125034
0.12475	0.126233
0.12525	0.125923
0.12575	0.128332
0.12625	0.128321
0.12675	0.127966
0.12725	0.127882
0.12775	0.127912
0.12825	0.129527
0.12875	0.130832
0.12925	0.131085
0.12975	0.131805
0.13025	0.132699
0.13075	0.133239
0.13125	0.132831
0.13175	0.133525
0.13225	0.134207
0.13275	0.134627
0.13325	0.134383
0.13375	0.135326
0.13425	0.135192
0.13475	0.136833
0.13525	0.13714
0.13575	0.137419
0.13625	0.138024
0.13675	0.137884
0.13725	0.138431
0.13775	0.139591
0.13825	0.13984
0.13875	0.140779
0.13925	0.14095
0.13975	0.141285
0.14025	0.142579
0.14075	0.142604
0.14125	0.142381
0.14175	0.143969
0.14225	0.144884
0.14275	0.143883
0.14325	0.14592
0.14375	0.145575
0.14425	0.145136
0.14475	0.147754
0.14525	0.146817
0.14575	0.147411
0.14625	0.146692
0.14675	0.148619
0.14725	0.148782
0.14775	0.150455
0.14825	0.14959
0.14875	0.149876
0.14925	0.151389
0.14975	0.151015
0.15025	0.151626
0.15075	0.152552
0.15125	0.153576
0.15175	0.153066
0.15225	0.154163
0.15275	0.154466
0.15325	0.154927
0.15375	0.155433
0.15425	0.154927
0.15475	0.156254
0.15525	0.156528
0.15575	0.157358
0.15625	0.157347
0.15675	0.157515
0.15725	0.158188
0.15775	0.159485
0.15825	0.159773
0.15875	0.159879
0.15925	0.16078
0.15975	0.161526
0.16025	0.162343
0.16075	0.162131
0.16125	0.16281
0.16175	0.162856
0.16225	0.164001
0.16275	0.163545
0.16325	0.164578
0.16375	0.165073
0.16425	0.165147
0.16475	0.166492
0.16525	0.16686
0.16575	0
0.16625	0.167339
0.16675	0.167441
0.16725	0.167856
0.16775	0.169417
0.16825	0.169157
0.16875	0.170072
0.16925	0.170667
0.16975	0.170885
0.17025	0.171744
0.17075	0.171763
0.17125	0.17269
0.17175	0.172849
0.17225	0.173581
0.17275	0.174144
0.17325	0.174343
0.17375	0.174183
0.17425	0.176478
0.17475	0.175898
0.17525	0.176425
0.17575	0.17705
0.17625	0.178092
0.17675	0.178581
0.17725	0.178875
0.17775	0.1797
0.17825	0.179867
0.17875	0.180289
0.17925	0.180467
0.17975	0.180998
0.18025	0.181129
0.18075	0.181631
0.18125	0.182733
0.18175	0.183214
0.18225	0.183502
0.18275	0.18335
0.18325	0.184241
0.18375	0.185214
0.18425	0.185677
0.18475	0.185561
0.18525	0.186958
0.18575	0.187307
0.18625	0.188042
0.18675	0.188134
0.18725	0.187698
0.18775	0.188518
0.18825	0.190155
0.18875	0.189611
0.18925	0.190446
0.18975	0.191508
0.19025	0.191028
0.19075	0.191859
0.19125	0.192725
0.19175	0.194013
0.19225	0.193564
0.19275	0.194252
0.19325	0.194638
0.19375	0.194969
0.19425	0.195147
0.19475	0.196158
0.19525	0.196293
0.19575	0.198305
0.19625	0.197564
0.19675	0.198184
0.19725	0.197722
0.19775	0.199274
0.19825	0.199135
0.19875	0.200128
0.19925	0.200192
